25
9 12
18 16
13 12
25 15
1 3
1 19
22 2
21 19
13 20
8 23
9 23
5 16
5 15
14 17
21 24
18 19
4 20
5 24
5 12
14 23
24 12
10 2
3 1
23 7
22 17
1 15
8 8
9 9
14 10
2 20
14 25
22 23
19 15
11 14
18 21
19 6
2 2
6 11
4 10
23 18
10 9
9 6
5 6
21 23
25 18
25 12
5 4
1 20
11 9
1 4
25 24
7 2
20 19
24 21
19 20
12 20
15 22
2 19
4 9
3 8
9 10
16 2
10 1
14 5
2 18
21 25
10 7
9 16
23 11
3 6
11 12
10 23
3 21
19 17
24 24
1 23
17 1
24 15
9 25
13 25
2 23
20 3
21 18
20 17
3 19
9 5
3 11
6 22
12 25
7 22
22 24
10 25
8 24
25 7
11 5
10 4
3 12
3 18
10 24
2 3
18 14
6 9
6 4
10 6
8 18
15 21
9 8
22 13
25 19
7 21
23 19
14 14
11 11
7 10
21 4
8 22
6 16
13 13
2 17
5 22
2 1
23 25
5 20
3 9
4 21
10 10
25 17
3 7
20 12
20 5
23 20
17 14
4 12
2 24
11 1
20 21
10 13
23 12
3 24
19 16
12 5
13 5
6 17
9 4
8 5
24 1
20 18
5 5
9 13
22 15
10 20
12 18
3 16
6 5
13 18
7 6
22 25
17 4
17 19
6 6
21 21
24 8
8 9
18 12
4 14
5 19
16 1
8 10
4 4
15 3
6 23
11 17
15 5
4 8
21 15
2 25
13 19
23 24
6 24
21 17
1 5
14 3
1 2
17 7
1 14
22 4
6 25
8 3
8 21
16 22
1 24
5 21
25 8
22 10
9 2
12 10
3 23
25 21
13 4
12 21
12 9
16 23
7 4
5 8
11 23
7 24
6 21
24 23
11 4
15 25
18 15
12 4
20 25
25 23
6 13
22 16
11 18
8 7
1 17
20 16
7 8
5 10
25 20
25 22
1 25
4 23
14 16
25 25
11 25
21 13
22 7
17 25
18 13
7 13
17 17
24 11
16 5
6 20
14 13
6 14
17 23
23 15
11 6
9 21
9 3
22 21
19 21
14 2
24 7
13 6
24 20
11 10
12 24
7 16
18 18
19 19
24 25
18 23
21 5
3 25
1 13
19 14
20 15
13 3
23 1
7 25
11 20
23 16
5 23
11 24
1 21
13 10
19 5
2 15
8 25
22 19
15 4
23 22
16 25
19 12
12 17
4 18
7 14
7 5
3 20
20 24
14 4
11 16
17 15
14 20
8 19
23 21
21 16
19 18
8 6
1 1
7 12
18 25
9 18
23 17
6 12
4 7
7 18
19 4
23 8
13 24
21 20
24 22
21 7
4 13
10 5
8 4
22 20
9 11
5 14
24 19
12 3
5 9
6 3
7 15
22 18
12 11
10 22
7 7
3 10
8 17
4 11
15 18
24 16
24 18
12 12
3 5
5 11
21 14
19 13
2 22
17 18
13 9
18 20
22 14
3 17
4 22
4 5
18 6
20 20
13 11
12 19
6 10
15 23
1 16
16 4
7 3
12 13
25 16
4 6
16 6
13 22
7 17
9 7
20 4
6 15
12 14
6 7
14 11
25 10
11 19
22 22
18 17
17 16
1 22
11 13
6 8
5 7
24 17
12 6
20 13
20 14
15 2
10 8
5 13
4 24
25 11
9 24
10 12
5 25
17 22
4 19
7 9
9 22
2 21
3 22
23 10
7 23
4 25
2 16
24 10
23 23
10 11
1 18
19 25
