60
 53  21
 52  38
 27  20
 28  27
 12  29
 12  37
 36  26
 28  19
 22  28
 37  26
 18  31
 19  33
 57  21
 50  38
 36  31
 58  18
 32  39
 17  24
 41  23
 38  30
 27  21
 44  35
 45  27
 32  36
 41  41
 42  40
 51  43
 18  32
 45  26
 44  24
 28  22
 52  22
 53  18
 42  24
 43  21
 57  33
 11  29
 41  43
 37  36
 44  26
 55  18
 52  35
 45  30
 50  41
 28  45
 18  24
 53  38
 53  39
 37  27
 38  26
 38  17
 41  27
 40  38
 33  33
 17  32
 22  32
 49  25
 21  32
 54  31
  8  34
 54  32
 41  15
 33  26
 16  24
 32  34
 28  32
 12  36
 44  21
 38  29
 14  32
 25  22
 55  31
 14  25
 38  25
 50  21
  7  34
 49  38
  7  33
  9  33
 41  17
 13  27
 38  43
 19  34
 12  30
 28  25
 55  43
 21  35
 43  18
 40  37
 49  28
 41  40
 37  32
 27  28
 42  22
 14  27
 56  41
 25  44
 39  16
 27  32
 44  31
 16  30
 42  26
 52  26
 43  38
 55  32
 31  22
 54  44
 11  31
 47  18
 10  31
 50  18
 49  18
 36  23
 57  24
 57  23
 49  41
 57  39
 44  30
 49  26
 54  37
 55  20
 41  25
 18  26
 13  33
 38  34
 52  34
 56  18
 32  37
 36  24
 32  21
 42  21
 36  27
 20  25
 30  43
 14  33
 19  30
 38  32
 49  29
 55  38
 49  43
 28  23
 55  42
 25  32
 53  26
 30  44
 13  29
 41  20
 41  26
 50  30
 54  43
 43  30
 41  19
 28  28
 12  27
 53  30
 29  20
 52  23
 49  22
 31  36
  5  34
 29  29
 27  35
  3  34
 31  23
 29  21
 43  32
 42  37
 53  37
 41  14
 38  16
 28  29
 10  33
 54  38
 57  44
 43  26
 33  30
 29  26
 32  23
 51  34
 25  23
 41  28
 21  31
 56  25
 39  19
 35  23
 54  21
 31  34
 26  43
 42  30
 38  20
 32  41
 49  21
 44  23
 50  42
 44  18
 57  38
 32  25
 26  20
 39  42
 23  29
 42  25
 44  29
 49  23
 32  29
 51  30
 56  40
 49  30
 23  35
 56  39
 25  40
 50  39
 43  31
 31  35
 38  28
 53  31
 41  21
 21  34
 28  26
 40  14
 27  34
  4  34
 16  26
 33  28
 41  39
 32  31
 32  33
 43  20
  9  32
  7  35
 44  36
 54  26
 42  17
 53  33
  8  35
 16  31
 51  44
 54  42
 48  18
 45  18
 10  30
 29  23
 29  44
 53  42
 28  44
 41  18
 52  41
 49  42
 37  25
 41  36
 41  38
 37  23
 44  28
 13  35
  8  33
 36  32
 39  43
 54  30
 36  25
 27  38
 38  18
 13  32
 15  25
 16  25
 56  44
 33  27
 26  22
 19  31
 43  27
 13  28
 39  15
 32  40
 40  40
 52  31
 15  31
 27  37
 30  45
 57  22
 13  34
 23  33
 10  39
 43  23
 21  33
 12  35
 50  26
 38  23
 34  24
 43  36
 27  30
 27  19
 50  34
 12  31
 25  39
 27  29
 51  31
 38  22
 18  25
 50  22
 28  34
 55  44
 41  34
 37  28
 24  29
 56  34
 24  34
 37  30
 20  26
 32  30
 57  41
 20  32
 36  29
 10  38
 12  32
 43  37
 15  30
 52  44
 14  26
 57  31
 23  27
 12  28
 38  31
 19  25
 40  15
 44  33
 26  32
 57  43
 43  25
 41  42
 59  18
  6  35
 31  44
 32  22
 17  25
 50  40
 10  32
 42  42
 55  22
 50  35
 50  23
 16  32
 42  18
 23  28
 33  29
 39  17
 56  22
 52  42
 40  42
 41  22
 53  43
 42  23
 35  25
 52  30
 28  30
  9  31
 26  23
 56  23
 26  31
  1  34
  5  35
 21  26
 40  18
 32  35
 20  34
 52  25
 53  40
 27  33
  6  33
 38  19
 46  18
 57  40
 22  33
 27  22
 40  17
 49  39
 31  43
 60  17
 44  25
 24  28
 15  27
 42  32
 37  34
  2  35
 27  36
 52  43
 29  27
 38  27
 25  42
 56  43
 51  26
 41  16
 24  33
 29  28
 49  40
 10  40
 43  33
 45  32
 49  37
 24  42
 42  29
 28  20
 36  35
 26  42
 53  41
 28  31
 56  37
 22  35
 17  30
 26  21
 32  24
 50  37
 11  32
 60  16
 21  27
 52  18
 18  33
 39  18
 56  33
  2  34
 56  32
 14  34
 14  31
 45  25
 55  26
 25  24
 32  27
 53  24
 19  32
 20  30
 11  38
 41  32
 59  17
 36  22
  9  34
 42  19
 37  35
 44  32
 28  21
 29  45
 17  26
 57  32
 50  43
 15  26
 27  23
 11  39
 54  33
 20  33
 53  23
 41  29
 44  22
 42  39
 33  24
 11  37
 52  40
 57  18
 55  37
 41  37
 53  44
 32  28
 37  31
 42  27
 56  42
 55  21
 42  28
 33  32
 42  20
 41  35
 42  41
 56  38
 32  26
 54  18
 25  43
 22  27
 40  16
 55  33
 33  31
 27  31
 42  31
 53  35
 15  32
 37  29
 53  22
 45  31
 36  28
 43  34
 56  24
 21  30
 43  29
 54  20
 43  39
 56  31
 25  33
 29  30
 59  16
 18  30
 41  30
 56  26
 26  45
 29  25
  8  32
 45  24
 44  27
 40  43
 37  24
 43  35
 19  26
 53  34
 15  33
 38  33
 41  33
 28  24
 17  31
 45  29
 25  41
 31  42
 44  34
 52  39
 11  36
 41  31
 54  34
 42  38
 26  44
 36  34
 33  37
 36  36
 38  21
 50  24
 28  35
 29  24
 51  42
 36  30
 37  33
 51  35
 22  34
 20  31
  6  34
 11  30
 22  31
 43  22
 45  28
 55  34
 35  24
 49  35
 36  33
 30  23
 32  42
 56  21
 51  18
 33  38
 54  22
 33  25
 24  32
 41  24
 13  26
 32  32
 14  28
  4  35
  3  35
 39  44
 28  33
 40  41
 25  25
 43  28
 41  44
 50  25
 40  39
 42  36
 31  21
 27  45
 50  29
 43  19
 23  34
 29  22
 43  24
 27  44
 51  29
 23  32
 55  30
 49  24
 52  24
