96
69 71
54 67
80 58
75 11
16 84
63 78
66 76
79 52
76 33
70 59
37 28
39 12
35 2
77 81
92 1
55 91
87 12
52 12
92 20
11 12
79 70
72 1
95 75
63 46
96 9
35 35
90 26
4 16
1 81
77 29
50 96
69 11
84 55
70 1
7 77
48 92
90 11
39 83
68 18
7 31
12 89
77 68
58 79
63 43
67 61
90 91
91 11
70 3
93 17
43 87
5 27
75 21
62 79
96 2
69 47
24 87
51 79
23 91
36 48
62 85
5 84
43 19
36 41
15 85
43 24
72 44
78 43
8 15
65 95
66 35
14 83
46 70
63 48
10 63
53 30
4 64
79 76
39 33
85 50
66 90
38 7
49 86
76 11
35 33
43 92
10 60
75 83
89 94
81 48
52 78
32 7
7 96
83 37
14 70
44 20
96 70
73 83
4 10
65 12
62 94
57 87
11 32
60 22
44 37
79 43
66 58
83 12
44 8
67 87
49 92
45 88
72 67
1 37
29 86
34 82
24 93
89 96
75 70
70 31
34 9
34 12
79 60
96 96
87 93
4 93
47 7
72 42
5 40
21 87
12 29
42 54
37 29
15 14
74 3
10 84
35 54
3 86
2 84
91 42
76 26
65 46
7 92
81 91
87 95
48 32
84 60
75 32
4 56
80 2
12 86
6 7
71 75
71 66
35 90
53 24
63 82
70 30
89 68
78 72
60 78
96 87
64 13
55 5
51 77
44 74
96 11
12 30
95 73
71 46
76 87
1 22
4 39
1 91
5 71
11 13
51 66
81 53
94 85
46 82
6 94
4 75
68 34
46 31
10 65
75 22
41 66
86 95
24 84
2 53
37 19
74 44
1 64
79 32
65 26
45 20
94 78
14 6
54 78
73 50
9 21
87 8
66 89
54 47
61 44
42 5
60 16
52 16
8 96
61 48
83 22
2 11
47 67
76 81
11 15
56 68
86 79
44 59
50 6
27 12
61 45
50 16
5 81
83 60
51 20
94 76
43 82
36 46
39 36
3 7
77 96
53 90
90 33
2 21
16 13
81 59
13 1
66 48
81 27
46 80
42 17
42 12
92 3
94 67
74 84
88 36
82 85
77 5
91 15
69 67
41 96
48 6
1 30
96 69
44 17
59 78
23 84
52 70
43 61
22 13
56 77
64 86
37 56
45 93
42 61
47 14
85 21
86 84
62 42
88 53
36 84
44 58
84 4
79 45
3 68
63 94
90 96
57 96
78 42
80 22
9 90
36 58
96 25
73 39
5 13
48 23
93 19
94 43
82 76
58 80
69 38
45 12
92 7
1 72
83 81
12 76
74 8
48 29
4 8
69 84
52 85
86 77
79 93
80 63
76 44
85 79
84 96
43 6
55 13
5 26
45 90
47 86
73 5
54 19
8 64
20 9
13 2
60 15
81 8
92 90
41 31
93 6
22 86
37 20
29 13
39 58
96 85
62 54
44 28
40 55
3 17
83 93
4 72
8 85
92 2
37 86
78 26
38 57
94 51
39 52
46 96
1 80
88 30
21 84
86 59
76 22
43 93
27 95
32 89
71 78
77 24
7 29
5 73
39 86
33 8
57 12
60 50
86 5
70 63
88 47
42 66
35 6
28 11
43 8
35 26
5 20
5 59
94 41
44 27
30 8
33 82
55 87
58 72
47 90
30 84
80 67
42 27
94 59
48 73
45 77
93 30
10 36
83 55
73 88
78 62
44 33
39 20
35 72
5 35
5 92
68 86
50 34
32 10
37 5
77 80
50 1
58 76
77 36
6 62
56 8
53 94
76 72
2 57
59 50
68 20
58 49
93 34
76 17
60 85
27 2
50 8
79 86
73 71
9 57
8 36
74 5
3 3
67 39
62 51
85 91
68 88
16 95
49 61
64 94
62 46
25 87
13 22
5 15
85 67
73 8
36 30
72 23
86 49
37 93
12 10
36 75
5 89
68 21
3 59
22 95
14 1
90 1
14 9
78 79
83 45
46 29
25 14
55 18
56 71
48 74
4 18
45 17
58 12
33 9
61 14
42 31
68 33
83 77
28 85
39 88
42 77
75 2
85 43
36 28
81 58
47 94
65 70
8 2
31 12
93 75
22 11
7 90
68 48
71 1
66 82
6 83
91 40
9 31
10 69
26 1
81 35
96 28
93 51
39 11
75 46
92 49
59 7
7 70
39 75
71 61
79 72
63 86
93 10
35 18
46 11
88 85
58 93
57 27
9 37
30 96
8 34
71 48
43 31
74 53
93 44
47 24
41 78
11 14
72 58
4 70
18 9
39 53
92 42
73 84
57 85
45 70
8 65
2 80
67 68
89 26
10 34
73 3
74 12
18 91
78 23
2 73
46 18
33 94
50 12
33 89
71 2
91 7
79 23
71 30
43 16
22 3
80 47
35 28
24 1
15 1
30 87
56 92
91 82
74 86
94 88
96 14
37 42
73 67
39 78
64 50
2 92
23 90
80 76
57 78
7 9
19 3
89 55
50 94
15 12
70 7
70 65
73 73
65 88
69 60
18 4
30 4
10 16
32 14
89 49
9 94
62 1
25 90
6 16
62 5
8 58
45 76
43 10
30 12
63 75
15 91
7 4
26 89
76 62
10 15
50 69
76 1
76 93
80 66
71 44
91 30
37 32
91 85
78 76
52 79
75 68
82 95
50 62
31 4
3 90
88 16
64 51
45 21
95 24
54 95
60 49
7 18
70 90
10 76
41 15
65 94
71 90
35 13
93 74
42 33
69 33
33 6
63 72
12 82
41 38
94 96
60 84
1 19
37 66
64 3
92 53
70 67
88 41
52 77
96 17
78 71
62 4
48 89
76 46
9 12
87 16
94 50
59 1
9 74
52 22
41 30
5 75
66 20
8 60
51 23
71 95
1 28
83 36
73 91
90 83
84 1
92 18
1 44
41 91
81 67
76 7
70 48
44 39
7 15
89 2
17 15
7 94
38 14
92 75
60 21
78 37
35 10
76 91
79 29
45 75
34 4
5 25
91 49
72 19
93 23
6 24
57 92
92 25
31 2
67 91
63 91
38 20
4 20
38 81
82 23
89 71
6 90
56 22
74 62
75 96
11 88
68 62
92 96
77 50
94 81
39 35
74 90
46 33
18 8
43 85
61 2
88 13
45 3
81 84
74 27
35 60
91 6
14 86
93 4
58 70
78 53
65 45
75 27
43 28
2 59
35 48
45 24
62 78
28 87
44 90
46 84
76 52
6 85
71 74
83 54
71 56
25 88
6 35
43 3
23 4
20 11
73 43
10 22
9 83
32 1
87 32
19 13
92 59
1 68
76 75
9 19
69 95
1 9
9 2
5 78
67 44
60 3
73 66
10 77
77 16
96 83
50 14
43 55
44 72
77 45
10 19
15 9
95 90
9 25
34 2
2 35
42 3
56 19
2 85
27 83
78 74
66 14
39 66
3 40
67 50
93 16
28 1
8 74
80 50
11 71
84 85
75 56
42 88
53 93
3 43
1 74
9 23
82 1
72 59
1 89
3 69
72 94
19 92
67 38
93 83
6 59
44 5
6 79
37 73
41 89
61 56
47 89
71 57
79 59
35 86
43 13
46 32
38 8
91 76
94 36
18 88
18 84
54 1
45 60
75 84
95 19
85 27
6 36
88 44
45 87
54 8
54 13
38 82
3 89
46 58
92 61
1 46
73 24
76 53
64 26
20 87
50 28
69 5
40 58
70 36
3 55
42 60
67 84
79 81
25 1
40 87
69 7
51 80
64 47
11 95
69 80
84 40
56 79
65 91
96 7
10 62
65 27
94 2
38 16
2 58
64 45
65 59
95 6
38 87
75 52
88 45
74 4
92 93
37 49
79 44
72 16
2 50
40 31
3 10
41 87
90 37
6 61
64 55
63 52
78 65
77 52
50 31
74 65
23 1
21 11
86 17
74 28
62 90
63 58
57 48
40 92
10 28
91 1
10 59
32 87
81 61
44 76
13 14
90 87
37 1
61 50
74 59
77 51
47 62
3 31
70 10
88 35
23 9
80 48
65 23
21 94
40 44
2 24
33 13
46 66
6 17
7 72
96 5
44 85
72 53
83 59
4 23
62 77
4 13
93 5
21 4
82 79
4 65
95 95
9 10
58 7
76 59
1 66
77 74
25 7
12 19
87 4
82 22
92 67
52 14
11 91
53 67
51 3
36 64
2 63
42 86
29 84
10 68
80 60
65 37
94 64
70 61
65 50
35 8
84 83
40 43
58 8
8 80
17 6
48 14
46 20
41 7
91 79
7 23
11 6
93 96
35 77
88 83
6 9
83 74
75 48
73 75
76 39
86 4
9 38
47 74
55 10
15 86
43 59
8 61
64 81
79 96
89 92
88 82
71 6
94 95
87 3
65 78
37 7
38 26
47 76
9 78
51 30
87 66
88 39
86 62
68 7
84 14
44 77
38 55
67 14
83 2
10 21
76 80
61 74
8 5
11 62
47 20
82 12
28 94
72 41
85 32
2 90
6 88
3 23
79 56
91 8
13 88
87 17
75 33
51 19
88 60
83 5
83 16
70 25
46 10
53 69
5 2
36 90
50 89
45 19
78 75
1 75
21 88
56 2
94 92
51 73
21 90
75 10
64 19
70 87
53 71
48 28
68 11
56 20
82 77
39 1
86 12
12 4
95 22
79 1
42 10
94 60
33 2
87 21
57 83
48 86
92 85
73 20
84 80
86 25
94 61
70 74
71 28
32 5
95 23
76 25
81 41
61 52
75 95
50 88
48 2
69 75
90 73
19 10
95 80
67 55
38 77
95 85
34 84
5 94
85 39
5 82
91 12
49 64
12 72
90 21
90 68
45 71
46 83
17 85
8 62
76 3
15 93
2 46
22 83
2 31
8 27
92 4
80 73
35 15
95 13
91 45
5 36
71 88
93 73
46 74
70 84
6 75
42 16
35 75
64 23
4 53
8 32
84 71
20 8
36 25
17 4
91 4
88 72
36 56
18 13
85 81
6 26
66 17
86 22
23 89
53 74
59 96
30 3
96 35
14 94
59 17
92 21
68 56
62 57
26 2
87 19
40 74
2 27
46 36
62 76
47 91
67 77
48 36
64 75
57 89
53 31
40 73
83 10
59 87
11 70
39 37
80 26
41 41
95 28
1 6
93 80
86 1
95 1
13 87
59 19
58 86
81 43
86 37
2 5
54 23
5 93
59 75
8 67
96 23
55 78
12 11
81 57
14 93
51 70
78 48
78 59
58 74
12 31
70 52
17 87
39 42
53 78
33 96
63 18
55 15
74 67
29 90
48 33
82 8
20 84
5 30
67 56
31 88
51 33
18 89
16 1
17 13
4 15
41 4
48 96
92 78
94 24
4 28
38 58
47 84
61 13
3 73
36 69
38 86
11 18
92 33
57 52
7 3
1 57
55 3
4 83
71 94
85 5
40 35
60 77
87 1
55 81
9 7
6 89
8 20
83 23
72 2
81 4
69 69
21 3
52 10
59 23
83 38
35 82
72 3
60 17
79 63
4 96
4 19
6 55
55 86
9 65
8 26
1 73
43 65
39 18
82 46
52 92
5 19
20 7
5 63
76 86
25 93
33 95
16 88
67 41
88 67
61 21
42 41
11 4
68 6
20 95
85 66
91 78
88 6
11 93
48 64
49 75
82 90
9 84
70 17
19 12
40 25
86 85
78 61
88 50
1 41
14 96
1 77
67 85
16 94
77 17
58 19
4 76
93 78
41 95
24 5
78 47
9 72
63 21
9 3
95 11
48 60
39 41
75 31
38 27
88 59
70 43
1 65
55 79
9 73
38 65
85 7
57 76
45 25
6 95
1 16
76 90
27 94
8 19
57 75
59 92
37 91
51 10
74 52
39 92
87 77
75 47
27 14
57 15
35 69
51 94
4 94
18 5
10 27
92 22
53 19
10 14
64 12
47 59
96 59
75 69
95 20
53 29
53 3
77 82
94 58
56 69
85 59
12 32
91 67
43 83
47 70
14 92
22 6
8 68
71 85
9 92
86 11
75 25
56 96
71 93
83 72
44 67
78 90
1 69
5 18
45 63
75 89
43 38
92 68
67 79
22 94
8 7
52 32
61 73
52 23
7 62
64 38
32 82
13 11
83 89
10 81
84 10
65 53
53 84
47 16
74 87
96 72
61 23
83 19
42 4
62 2
48 12
54 96
37 8
94 83
96 86
77 22
83 69
69 50
95 74
46 5
88 24
8 22
13 96
69 70
10 10
52 73
77 31
8 90
1 10
12 64
54 79
41 74
39 87
25 11
93 29
59 80
85 46
93 9
28 92
7 75
4 57
8 1
67 12
41 16
52 6
42 29
86 83
41 84
2 79
85 53
69 20
72 84
4 21
51 90
78 77
55 80
67 62
58 75
75 61
28 13
78 57
85 94
74 42
5 21
20 90
94 38
29 87
70 76
38 85
39 39
52 71
56 51
94 55
62 84
36 17
75 85
72 27
5 37
75 42
67 51
9 80
51 93
62 22
69 13
43 27
39 96
13 31
40 77
24 85
34 89
26 11
3 38
48 69
46 91
72 39
65 39
4 32
43 4
11 79
18 7
9 61
43 94
14 2
49 10
63 15
6 96
55 47
40 1
83 41
4 9
84 48
72 46
65 57
69 29
88 25
1 1
43 71
11 83
7 73
10 3
9 16
33 11
38 63
66 56
46 75
81 12
11 30
40 13
94 27
27 13
61 86
44 81
90 54
93 77
72 80
42 38
94 33
31 1
7 65
58 71
61 40
4 84
78 5
92 81
84 47
35 21
96 62
65 5
85 64
76 47
5 29
57 6
42 55
90 39
73 53
8 38
36 78
70 44
11 60
8 76
65 21
87 87
70 16
61 51
8 14
17 84
4 78
67 23
35 38
77 20
40 70
42 85
35 30
68 67
36 40
78 70
86 70
14 4
2 93
43 81
61 46
92 35
30 83
51 67
22 14
6 20
89 64
56 86
4 11
2 65
70 66
1 5
49 5
72 28
61 43
9 6
9 86
15 96
36 18
28 2
79 62
11 25
46 37
51 64
65 16
88 38
93 41
13 74
72 88
49 79
79 35
12 3
49 82
34 90
12 96
71 19
11 76
34 5
58 53
36 26
4 2
5 85
39 26
60 44
55 76
1 85
12 33
74 93
45 91
89 54
2 17
96 20
42 2
67 82
95 12
48 90
80 34
75 87
40 93
67 96
38 70
90 22
90 10
9 85
82 10
6 60
39 28
86 20
73 58
73 48
96 40
90 69
7 17
46 13
24 96
34 3
42 23
77 55
51 87
28 12
72 47
74 74
71 54
53 80
89 75
76 5
67 86
42 82
49 91
54 10
72 12
71 34
54 85
80 1
82 16
80 31
91 90
36 43
54 4
58 84
18 12
2 74
74 58
43 88
74 85
80 71
90 9
71 27
13 7
49 73
76 96
3 82
27 8
36 23
1 17
76 2
15 13
53 9
91 51
59 2
72 11
93 68
63 9
57 7
44 71
66 51
57 71
47 12
19 93
37 34
36 74
79 80
31 96
66 71
87 11
72 37
96 45
45 34
82 5
73 29
78 1
71 73
84 91
36 88
15 4
38 30
83 25
72 7
21 91
70 95
80 8
80 57
81 37
50 82
68 74
82 93
88 22
77 58
9 71
58 96
71 72
65 17
60 7
2 43
82 20
54 76
27 9
54 83
48 82
58 90
35 17
95 4
12 14
24 12
76 89
53 28
28 89
91 13
5 69
58 6
17 93
23 5
58 48
40 27
19 89
84 33
55 69
79 3
3 30
10 58
45 1
73 60
39 38
95 89
41 75
69 68
35 44
11 74
17 94
12 91
76 24
48 24
90 13
43 57
26 3
39 2
10 61
36 1
73 41
41 22
53 66
39 8
5 43
72 45
26 6
5 87
14 13
38 96
11 34
85 3
69 78
41 40
90 89
89 78
69 90
71 58
10 86
75 79
53 83
85 41
83 3
13 4
42 63
58 47
1 87
90 57
70 93
94 18
44 75
57 9
7 57
80 74
58 11
94 57
45 58
50 19
89 29
3 11
67 36
75 39
5 83
68 10
93 26
50 13
51 32
59 94
60 2
72 31
69 44
63 3
5 1
47 33
7 7
73 9
53 14
53 7
79 39
9 13
74 40
74 92
10 1
81 95
90 88
35 59
20 10
45 8
43 95
1 53
79 37
52 95
46 92
81 1
86 55
43 62
95 79
11 66
54 7
64 22
49 34
41 5
87 29
39 13
74 9
93 25
81 42
60 14
3 60
13 92
93 33
24 9
44 56
15 15
9 29
67 57
87 65
39 9
70 50
1 83
2 26
12 15
66 88
38 95
76 21
4 35
65 89
86 45
13 25
35 7
56 24
65 11
73 79
45 57
89 21
41 42
76 50
2 70
9 24
89 53
94 20
71 12
78 21
6 66
2 68
36 37
40 15
6 84
39 70
11 86
32 95
70 6
65 36
74 63
96 30
55 82
32 92
67 70
86 42
77 63
2 19
84 16
92 9
96 67
67 75
40 40
15 90
9 32
87 96
80 7
22 12
7 27
16 89
38 78
74 55
43 39
7 93
70 49
60 52
80 33
1 8
64 14
5 61
25 92
68 50
14 85
32 96
77 60
9 17
59 15
70 9
94 7
74 46
12 9
94 11
76 42
44 10
66 74
38 6
7 21
7 40
68 9
43 80
69 39
52 94
36 19
53 88
91 84
88 62
29 94
61 1
45 11
56 10
77 75
87 2
28 9
84 89
34 85
38 5
36 70
58 21
66 57
73 74
72 26
69 21
96 24
9 68
93 79
19 87
58 14
5 12
48 68
7 56
77 37
68 81
54 91
62 10
7 5
88 92
26 14
20 91
43 25
12 90
24 4
46 28
53 17
36 34
68 77
40 64
12 20
55 2
78 17
3 35
75 41
54 66
61 72
73 47
7 69
96 8
5 8
92 89
36 59
38 15
37 15
38 1
49 17
2 22
87 89
1 67
39 94
25 84
39 51
69 45
41 94
48 80
58 95
38 44
71 87
44 94
90 67
47 31
59 43
47 65
52 31
38 45
68 85
69 87
61 79
88 42
41 35
73 45
72 50
57 79
37 39
55 12
54 82
83 7
31 94
93 87
17 1
56 89
77 13
38 83
36 27
89 95
3 14
95 71
19 84
68 96
35 37
64 78
29 83
23 87
82 36
59 74
73 10
86 24
88 90
55 23
4 24
51 27
70 96
68 76
48 31
67 80
96 16
52 29
25 5
67 1
81 62
4 26
36 57
93 62
87 75
11 35
77 71
20 3
62 86
16 8
32 15
59 86
91 86
25 83
35 61
60 74
54 11
82 75
39 4
74 91
42 96
7 66
66 49
52 65
74 69
72 18
64 91
48 71
3 70
85 12
50 73
20 96
75 6
64 57
3 87
94 25
16 86
42 95
72 43
49 13
50 90
75 3
41 36
82 56
61 82
80 46
44 63
71 64
82 41
36 2
75 29
88 74
47 35
62 8
96 34
9 34
2 77
71 53
44 19
55 14
92 84
77 28
62 96
69 85
96 4
94 22
61 22
93 57
49 7
94 87
45 66
37 44
37 74
71 62
81 31
18 90
44 73
40 20
6 86
30 1
60 75
94 16
37 83
45 36
54 71
57 18
7 1
90 95
77 4
35 12
75 77
83 4
63 40
37 18
40 6
43 20
55 7
40 71
78 58
47 15
36 11
89 72
54 3
25 85
90 12
32 93
4 87
33 14
43 17
1 36
31 90
10 94
75 26
73 52
28 6
73 86
33 88
75 94
46 24
79 48
81 34
75 24
7 16
64 92
51 4
34 11
89 8
80 10
9 77
35 55
40 2
49 2
96 55
68 82
49 69
75 35
96 54
95 72
66 54
72 64
39 68
12 22
85 1
6 81
58 43
13 94
84 49
26 10
11 9
53 77
80 40
10 88
37 92
30 2
24 10
7 20
71 49
9 95
6 13
95 26
30 90
47 80
3 42
82 9
62 6
47 3
19 7
13 9
49 76
35 53
80 29
92 44
3 34
94 9
55 1
89 6
54 86
9 36
49 32
47 27
32 11
37 54
25 3
90 75
75 54
67 92
39 30
68 1
60 73
4 80
42 6
96 3
3 67
59 54
73 17
40 89
22 7
33 84
68 92
40 24
5 96
77 70
38 53
44 11
56 13
3 8
75 44
53 91
68 43
94 53
39 40
52 28
58 91
37 30
46 86
7 89
46 88
39 65
55 21
89 77
36 29
77 43
61 17
93 20
89 42
83 27
39 77
67 52
83 76
74 34
69 83
49 94
41 21
65 24
86 3
65 44
27 10
35 95
89 3
28 95
36 33
74 35
88 77
9 28
91 57
42 75
8 57
37 64
55 75
4 44
84 57
6 76
5 57
4 22
33 85
3 24
25 10
18 93
49 25
41 88
10 95
69 19
32 2
72 25
7 30
2 2
52 11
90 5
83 58
29 8
36 94
79 66
59 11
24 92
43 66
41 37
75 38
3 52
82 50
1 70
40 34
84 58
28 4
47 25
86 52
72 24
88 3
60 20
73 87
14 12
30 9
94 52
85 47
42 40
75 7
35 27
53 1
74 75
82 84
75 57
24 95
87 26
13 84
60 45
9 33
96 75
5 22
39 59
94 8
91 33
60 42
29 7
41 69
88 84
54 94
66 59
68 44
61 54
50 2
72 96
45 35
54 72
14 15
35 39
12 87
84 3
80 94
26 12
53 15
31 93
46 95
15 10
80 21
81 10
27 85
11 27
82 21
56 95
66 46
7 22
40 52
44 60
76 64
72 22
81 40
45 96
85 44
92 15
5 86
28 84
31 3
1 50
71 21
29 2
11 89
9 5
49 29
39 14
76 95
55 27
44 84
1 35
85 30
7 84
16 2
83 62
10 74
38 4
14 84
71 3
82 43
49 67
94 77
69 6
40 39
3 32
91 16
29 14
44 64
2 29
67 54
50 32
65 71
44 68
78 46
19 85
36 92
59 77
36 53
36 47
39 84
51 96
50 86
2 4
54 14
38 40
71 41
37 45
48 15
18 6
8 66
57 4
64 48
24 3
37 82
87 9
7 24
86 26
5 80
90 19
80 35
76 70
25 12
52 26
69 46
64 85
67 72
96 84
79 38
48 83
29 4
79 58
78 12
90 71
40 78
31 11
69 63
79 50
92 23
79 40
83 91
92 88
65 90
91 28
91 89
69 22
47 13
7 83
85 52
67 28
9 76
25 6
51 72
10 13
48 79
45 64
89 62
62 93
72 68
86 93
76 28
77 6
95 10
47 69
56 93
78 32
71 68
46 62
27 88
52 93
74 17
60 94
57 14
70 35
12 94
62 52
11 77
53 85
84 88
52 9
44 80
93 22
5 16
94 46
32 83
79 20
64 37
35 49
47 6
73 85
40 38
84 51
35 3
78 92
95 7
38 41
34 1
73 96
3 20
70 46
68 28
56 49
4 17
1 62
41 19
43 12
43 72
93 84
78 35
80 9
79 69
18 83
49 1
95 18
9 82
77 15
42 34
1 42
85 40
77 62
57 19
18 95
36 87
65 43
5 9
57 69
12 88
36 10
51 28
93 3
94 54
55 72
62 49
62 48
80 23
79 5
70 57
88 75
5 3
89 80
78 66
1 43
44 23
89 57
77 14
30 7
2 86
92 64
86 8
45 30
19 9
10 72
88 49
70 13
7 88
70 8
55 11
93 24
39 21
83 78
78 13
18 3
83 73
55 16
75 14
7 74
96 18
85 45
39 73
33 15
90 86
84 7
92 51
18 87
53 23
35 9
68 2
4 82
35 19
62 39
45 72
77 91
46 34
41 83
68 27
50 26
85 48
93 76
12 70
32 86
88 94
37 40
88 58
13 66
69 57
41 55
81 7
37 52
66 79
89 74
77 49
50 22
29 1
73 94
40 18
35 45
75 53
11 68
91 14
63 14
27 92
13 95
62 89
15 89
52 5
95 25
49 3
18 2
36 7
73 81
5 24
64 70
70 75
6 21
59 49
84 21
68 78
51 24
79 67
41 57
62 50
39 5
63 56
3 37
93 12
93 42
88 80
74 70
50 3
66 19
42 68
92 28
8 86
62 9
8 35
59 71
24 6
76 30
85 22
74 24
77 34
2 33
43 29
33 83
47 87
4 92
60 51
86 9
96 95
9 60
3 54
73 76
22 10
40 26
8 87
2 75
63 84
74 1
82 14
66 18
1 11
85 31
11 2
40 90
68 80
81 83
69 86
8 56
38 74
80 69
92 92
89 33
56 82
1 88
62 23
49 28
53 11
13 13
43 73
36 67
69 76
68 14
63 22
75 65
12 27
75 43
80 28
77 64
73 82
11 33
56 87
65 10
65 25
78 20
85 55
70 20
45 32
69 64
88 93
40 86
83 1
94 35
56 15
72 36
65 86
14 91
60 89
48 30
71 17
88 5
77 2
89 90
73 15
77 35
73 11
39 90
78 86
1 90
69 34
71 83
3 33
70 12
38 73
27 89
61 15
22 1
57 47
12 2
92 66
59 12
94 49
48 5
79 79
76 15
68 49
61 25
54 80
35 24
10 20
7 60
44 3
16 7
20 14
18 10
68 45
39 44
56 83
76 85
56 75
22 4
63 45
80 51
82 53
7 35
90 31
49 65
63 41
10 25
92 41
64 52
38 69
8 91
27 1
5 11
49 72
27 5
17 2
82 17
95 17
72 93
1 95
88 40
45 5
2 71
26 7
2 16
31 92
28 5
73 26
80 16
85 42
96 94
42 22
82 80
4 31
38 90
11 19
94 79
64 39
67 15
96 73
69 12
86 10
53 2
2 96
35 14
69 37
45 94
55 95
93 72
46 93
10 29
77 30
41 2
10 35
62 24
74 56
64 95
82 39
36 39
74 13
51 15
51 84
72 51
57 24
62 45
10 66
44 34
44 87
43 75
66 21
88 52
4 62
59 82
41 24
83 35
80 45
41 9
17 88
40 94
36 91
65 58
88 96
30 85
36 63
22 87
20 88
66 94
6 74
86 44
16 12
85 49
52 90
18 1
76 43
88 4
68 16
41 14
76 37
57 25
4 33
20 13
1 56
54 27
64 56
56 7
35 62
65 9
55 94
60 12
50 5
38 56
2 7
44 4
89 15
74 88
39 56
81 69
94 70
53 89
92 16
64 74
62 11
28 91
46 94
47 10
50 80
59 52
3 81
35 52
75 82
87 71
17 89
19 95
74 77
70 51
89 91
44 62
88 79
20 93
17 95
81 47
89 4
86 16
16 4
69 89
94 10
83 40
42 65
69 79
39 93
7 25
38 25
82 13
46 69
88 43
23 83
51 17
66 69
54 77
90 29
21 8
78 96
68 90
86 61
76 36
53 25
51 95
86 50
17 83
90 6
78 63
6 11
79 4
56 73
39 76
20 85
94 80
73 2
69 8
51 68
90 92
4 54
38 23
40 60
76 40
46 15
16 90
13 28
17 90
2 12
29 12
77 42
77 41
65 84
25 91
38 22
54 12
22 90
50 67
6 22
35 84
61 53
54 16
38 9
37 90
71 96
49 21
96 13
8 17
71 24
88 66
47 79
42 56
71 11
12 26
78 93
15 84
43 89
93 47
37 79
65 54
94 21
94 17
42 7
9 11
81 33
94 26
73 42
65 51
72 54
81 89
10 85
91 77
80 30
43 56
32 84
9 88
56 28
14 11
94 94
54 93
69 15
83 46
64 83
84 95
88 76
43 69
96 29
72 30
34 91
37 95
9 1
77 69
10 90
81 82
53 48
85 56
52 86
79 12
40 95
83 15
38 72
59 88
11 63
42 15
3 75
57 80
84 26
19 96
79 51
68 4
71 84
43 35
2 28
61 93
85 33
50 29
42 84
55 73
38 28
13 26
88 68
80 72
2 34
7 78
36 9
17 7
44 78
42 89
81 66
45 84
72 49
8 40
65 40
59 48
42 80
8 12
46 68
3 92
3 65
74 66
63 38
31 13
80 59
84 62
88 1
2 15
71 29
77 59
54 5
91 91
71 55
8 71
70 42
17 86
4 7
12 77
68 15
24 11
2 82
37 87
67 47
30 93
94 86
38 34
83 42
73 25
85 58
44 31
25 9
79 68
2 1
47 61
42 83
64 84
72 15
88 28
87 67
71 35
74 49
36 13
91 3
42 11
92 74
50 81
64 58
3 13
67 78
52 89
6 8
77 66
8 59
49 88
6 6
73 57
63 24
64 46
73 30
67 74
5 42
40 4
55 85
96 44
93 94
18 94
10 8
43 30
6 27
68 17
94 90
76 71
37 12
83 30
79 73
10 71
49 81
68 79
78 51
8 79
59 20
32 85
80 68
82 40
41 59
43 23
16 15
96 31
57 20
14 95
33 1
40 61
3 62
1 76
71 45
39 55
41 86
8 70
67 4
32 13
35 64
83 51
11 23
78 10
36 36
65 79
68 12
69 4
33 90
42 42
83 9
79 14
93 14
13 30
67 60
92 24
91 10
69 24
10 7
71 31
10 89
65 22
43 67
52 15
62 18
71 13
3 12
42 70
78 68
50 7
70 70
94 45
5 53
44 29
26 90
19 91
11 90
47 95
7 28
53 5
59 81
36 20
92 87
31 5
75 64
46 16
54 28
36 93
43 64
47 21
96 26
58 23
83 50
52 7
56 6
23 85
23 8
70 47
36 55
21 96
45 38
78 49
84 43
91 32
73 55
57 93
68 60
53 16
52 88
78 44
41 80
30 5
96 76
86 86
49 90
70 45
46 76
38 36
53 20
42 93
79 25
48 3
76 54
9 15
68 71
40 30
88 29
39 3
72 29
78 2
46 60
19 86
66 77
60 13
58 22
22 93
41 25
76 41
66 43
75 72
11 21
50 92
69 56
93 95
89 73
45 69
58 16
85 60
13 5
66 78
5 34
8 82
53 10
71 39
80 39
51 75
3 44
70 24
24 94
39 43
55 92
49 95
96 79
8 94
36 65
96 42
38 52
38 68
77 67
68 36
51 14
34 96
3 39
82 45
41 3
7 63
3 83
70 39
63 42
93 81
72 86
37 76
61 92
31 95
3 4
71 9
20 86
3 58
80 49
87 94
79 53
57 88
59 9
42 37
41 70
86 57
39 6
85 65
70 62
74 16
4 14
69 36
80 70
3 9
96 39
80 32
35 88
71 76
4 27
49 63
13 91
73 77
69 73
42 67
63 7
82 94
6 80
44 21
69 25
78 85
38 32
1 14
89 59
64 1
96 43
77 77
21 7
58 83
61 55
27 96
74 2
17 91
30 95
11 5
41 39
12 5
49 33
65 47
37 78
96 49
56 45
83 44
52 8
38 60
2 18
69 2
67 16
52 18
45 39
59 21
51 74
41 60
44 7
32 12
50 74
12 84
52 2
53 86
75 49
38 3
58 94
72 48
50 63
79 64
57 70
49 23
48 63
66 92
80 25
74 68
75 90
9 64
96 91
93 11
15 88
54 17
6 39
78 84
20 94
89 41
62 53
6 78
35 11
87 20
56 21
66 55
26 84
1 7
10 33
30 10
39 45
81 2
4 69
44 61
78 24
37 33
10 11
85 4
20 92
93 7
79 95
6 69
72 35
47 82
94 71
63 25
33 10
65 6
11 36
28 88
66 60
70 69
60 96
71 26
53 92
53 70
37 84
29 93
39 60
78 15
37 62
45 95
70 18
68 87
90 20
67 10
95 81
4 67
37 38
46 4
21 2
14 8
50 91
55 8
49 71
92 5
50 9
27 3
63 55
73 36
19 83
8 73
44 91
91 96
78 25
83 52
20 89
6 4
64 53
72 40
78 94
61 20
79 74
95 77
69 32
31 8
11 16
45 37
19 94
75 36
75 66
58 78
64 10
77 21
65 20
3 27
88 81
56 85
41 56
42 78
12 66
83 26
9 22
37 68
65 48
34 88
13 89
83 49
34 92
82 73
79 47
12 93
94 4
10 23
81 52
74 41
47 1
6 12
46 38
43 21
2 88
5 4
40 63
2 9
28 96
89 76
10 79
57 26
18 86
95 8
95 27
52 83
56 72
77 19
64 76
11 85
45 61
2 54
94 63
69 49
3 85
7 68
77 79
72 75
23 92
75 28
10 80
76 49
14 27
5 17
72 74
95 94
3 25
6 3
44 1
63 57
71 70
87 25
78 73
82 62
92 31
81 14
13 24
7 79
3 6
56 3
56 91
4 3
38 91
41 58
34 6
91 5
72 56
10 32
13 69
7 33
4 79
6 40
40 11
11 29
94 32
56 16
9 59
59 42
12 95
68 52
47 64
58 52
53 87
9 96
45 29
16 92
10 12
92 55
4 29
35 63
73 37
11 65
77 47
24 88
16 85
56 18
41 53
12 7
51 8
71 40
50 77
83 21
14 26
79 46
84 35
96 21
81 96
38 62
88 46
71 92
73 22
55 67
76 55
51 22
94 82
61 77
70 22
93 93
2 61
43 34
49 15
50 21
10 87
61 95
49 89
96 12
10 18
10 26
62 56
43 32
64 73
8 13
57 90
56 76
73 34
1 92
15 3
5 56
49 87
7 11
38 46
77 44
74 23
40 85
48 76
39 67
72 66
83 39
37 14
93 61
82 37
40 83
87 30
7 26
36 12
68 57
79 55
3 22
2 55
91 47
50 75
3 5
78 60
10 92
6 33
49 9
91 41
7 13
50 83
39 89
83 8
92 8
47 36
72 82
90 85
9 89
16 6
2 67
47 11
82 2
44 22
43 60
86 58
26 4
92 10
10 17
53 12
52 96
4 52
80 65
63 77
53 18
6 19
78 27
51 31
87 85
71 50
50 18
19 11
45 2
39 7
69 91
71 47
20 12
62 47
93 50
63 1
92 69
29 3
92 72
83 18
87 64
78 29
15 11
49 31
59 45
62 75
96 41
48 26
90 94
54 2
2 14
42 20
74 64
45 67
72 72
90 47
96 82
47 9
35 29
63 49
81 11
43 40
64 25
71 20
82 78
96 58
9 27
66 15
94 12
61 18
13 67
94 62
79 84
5 95
28 86
81 28
44 25
35 34
96 92
40 68
11 7
68 25
34 95
2 39
6 28
86 96
83 90
55 25
36 3
51 16
85 77
58 9
77 46
42 13
81 49
66 50
77 27
66 45
42 91
43 33
14 82
64 82
56 14
89 61
64 44
47 93
92 91
83 31
40 32
95 30
23 12
68 84
10 38
74 80
37 77
10 67
43 77
3 45
11 8
5 28
77 73
53 72
13 73
49 68
15 94
56 78
67 71
74 39
41 23
6 30
75 73
45 13
82 55
65 60
94 65
21 9
9 35
63 80
57 72
62 21
6 72
69 72
59 16
80 37
60 81
32 9
72 91
47 96
84 8
10 70
92 83
96 80
47 30
81 44
79 75
69 41
58 10
83 88
76 23
54 48
6 32
47 81
11 82
55 4
69 55
36 8
54 70
52 3
7 32
66 36
36 22
5 54
5 72
44 92
58 4
74 26
56 25
30 6
10 31
75 40
69 26
75 55
89 79
5 55
48 11
35 68
49 30
91 87
70 60
18 92
5 77
36 14
48 93
76 32
37 72
66 25
63 73
89 51
33 87
17 9
14 14
66 3
60 19
45 6
70 73
90 49
66 40
70 82
43 68
46 73
79 65
46 22
56 1
22 96
40 3
45 22
76 16
11 28
4 88
80 20
6 67
68 40
37 10
82 89
13 90
16 91
8 18
88 95
54 81
67 35
61 76
47 72
92 86
85 84
56 5
43 91
13 6
91 94
70 29
63 26
2 56
63 74
51 13
72 55
38 19
44 38
47 23
7 8
15 7
2 69
60 55
60 54
5 74
68 39
2 91
47 2
2 6
8 30
28 10
68 38
80 19
86 90
63 89
53 22
41 71
77 12
66 42
35 80
29 11
6 70
35 89
8 37
39 54
49 11
3 28
81 65
10 96
52 80
4 71
90 90
45 85
73 28
49 78
94 89
84 46
3 80
82 18
58 15
45 4
55 9
28 83
44 66
47 37
35 85
35 58
47 18
57 77
66 52
51 91
72 5
58 44
22 88
50 24
88 57
45 9
65 85
83 20
72 4
37 22
52 27
37 25
1 12
40 12
36 50
55 29
82 59
51 9
51 12
55 93
54 30
57 86
53 65
4 43
36 35
92 94
65 49
88 65
76 92
81 70
52 25
66 70
35 73
11 24
40 84
55 19
73 65
93 18
3 94
41 13
78 50
96 71
15 83
50 72
4 74
36 77
1 18
85 88
73 62
85 26
86 89
96 74
96 10
9 70
91 59
91 2
45 62
66 24
75 4
74 15
44 40
12 28
95 68
2 72
37 60
58 18
95 16
84 54
36 49
88 61
64 15
49 18
48 95
71 15
79 2
35 56
10 82
95 92
88 11
44 2
36 89
85 54
92 76
36 6
84 79
40 21
46 63
7 58
24 89
4 58
56 70
1 32
1 15
17 92
10 64
66 28
51 1
69 66
67 37
11 69
3 88
25 4
59 8
6 42
50 64
43 22
76 94
2 10
81 32
44 26
6 56
6 65
85 36
70 38
23 88
61 16
1 13
7 39
72 83
37 41
94 56
11 64
70 89
51 5
41 65
65 77
6 1
39 64
45 10
80 27
21 89
41 67
95 82
51 78
35 79
73 19
71 10
6 87
5 31
7 41
1 3
74 94
74 6
90 2
80 89
49 22
42 94
13 8
57 95
52 91
29 96
43 58
26 87
7 95
57 84
36 66
30 86
65 56
93 89
93 8
94 75
71 14
70 11
22 5
7 87
42 19
95 14
15 87
46 21
35 40
50 70
69 16
42 92
31 86
38 79
65 75
74 30
75 51
25 8
11 84
1 33
74 72
10 73
57 91
35 94
12 85
10 9
49 19
46 65
86 41
3 2
29 92
13 15
80 62
46 1
11 92
4 6
27 11
76 77
67 53
4 91
47 26
95 91
29 89
26 83
60 41
96 51
96 57
45 68
8 93
3 21
2 62
79 7
42 9
78 30
14 3
48 88
37 17
72 81
68 41
67 22
36 86
80 54
89 45
63 50
91 80
1 47
88 12
89 9
54 29
82 24
66 23
11 96
10 37
42 74
48 78
75 5
49 8
51 81
1 58
36 83
42 30
44 35
8 77
47 75
28 90
38 37
48 16
55 71
94 1
74 14
2 25
7 80
5 32
96 61
38 51
76 68
9 66
49 27
81 60
12 24
93 15
90 51
46 67
52 72
12 62
70 34
68 8
58 17
23 86
46 89
7 37
86 71
96 65
1 40
47 66
95 2
47 68
58 20
73 21
1 93
93 48
96 48
43 9
63 17
36 15
1 45
94 39
52 67
89 44
60 90
68 61
95 3
72 13
50 85
6 5
36 95
35 4
40 41
67 59
62 41
74 96
45 23
79 82
13 93
44 14
74 21
74 32
72 38
12 65
72 8
77 40
43 90
63 81
50 4
83 29
48 21
73 1
22 8
35 92
66 27
80 3
38 2
2 87
78 14
77 26
17 11
76 48
25 2
85 95
38 59
57 81
89 23
38 92
84 9
26 94
96 53
77 38
72 77
85 90
88 14
2 78
70 2
38 33
26 95
78 4
36 52
32 94
41 77
72 71
46 79
4 38
49 96
41 90
6 2
93 53
80 36
40 72
41 20
84 2
69 58
51 2
17 96
50 68
10 83
74 76
84 44
42 73
22 9
96 1
11 87
58 5
57 2
17 5
74 95
65 42
73 59
84 61
2 60
52 20
83 17
85 10
88 69
48 8
2 51
5 41
71 32
85 25
86 81
40 79
31 10
13 86
85 57
95 9
37 26
2 45
9 91
56 84
9 9
37 51
4 68
81 86
10 78
19 5
76 73
3 95
48 75
74 43
11 31
58 13
35 70
6 58
70 79
60 10
52 4
62 19
30 13
63 11
44 57
87 73
58 77
70 23
42 59
67 58
48 9
55 89
95 84
90 72
18 11
23 3
44 96
93 13
50 66
79 83
77 53
57 21
29 88
41 68
66 93
67 19
55 70
37 57
76 67
74 25
41 76
61 83
2 37
47 60
78 16
74 82
81 54
29 6
61 42
67 34
75 67
85 24
38 31
13 83
31 7
74 54
89 35
38 54
70 85
58 50
41 29
91 93
64 71
3 16
89 89
48 67
63 13
78 22
64 18
22 85
1 96
4 55
23 7
69 27
77 32
78 88
86 7
87 31
78 38
85 16
60 46
67 49
12 63
2 8
55 26
40 57
81 64
63 23
79 15
2 66
43 36
77 33
2 36
76 6
59 25
65 74
85 37
40 36
75 9
67 40
39 79
62 43
44 24
2 40
75 23
53 13
8 31
58 88
81 5
92 13
73 69
45 33
76 34
85 11
69 52
31 89
66 16
34 93
51 82
5 6
84 84
71 4
40 19
83 68
20 2
21 10
71 60
72 73
42 58
74 83
44 36
29 85
44 93
87 33
60 80
94 37
42 69
44 88
45 15
89 88
88 91
72 95
95 83
62 17
25 86
38 66
3 53
49 80
64 5
33 5
76 35
1 20
37 23
56 11
8 81
1 39
38 12
61 80
69 61
6 91
82 81
90 24
21 5
4 25
39 91
55 68
13 65
77 92
45 65
1 23
24 2
19 90
87 81
46 23
38 89
41 26
66 39
63 44
81 85
85 86
86 91
63 4
25 95
93 64
1 54
80 79
52 30
24 8
16 5
70 21
34 8
31 15
67 5
48 22
37 21
70 77
55 46
35 31
3 57
1 94
68 58
91 29
41 43
8 11
22 92
43 15
94 72
54 25
57 10
1 38
36 68
72 10
71 59
16 14
21 12
62 55
20 5
42 14
48 62
78 34
10 2
83 24
96 36
58 2
75 92
78 31
95 21
76 56
50 33
5 90
28 14
9 58
35 42
36 96
1 86
16 83
75 71
78 64
92 12
67 18
39 72
59 73
44 13
45 79
37 63
45 74
21 85
85 89
64 42
84 17
39 63
8 25
11 22
36 31
24 90
29 15
26 96
84 53
51 85
78 33
21 13
8 72
85 85
43 70
75 75
74 45
45 7
82 3
37 35
41 11
55 28
83 96
95 70
38 10
27 93
70 83
13 85
4 30
87 22
74 38
11 11
64 17
11 94
39 85
78 80
47 22
84 22
39 10
84 59
68 55
5 39
71 18
65 93
53 76
92 14
90 42
82 7
39 69
56 9
78 83
1 79
35 5
69 92
86 46
57 1
64 21
87 86
5 68
68 37
86 43
74 29
40 28
96 46
40 76
10 5
67 73
58 87
50 11
37 6
53 68
35 50
74 20
12 81
94 6
72 87
23 2
93 82
66 26
72 61
79 16
68 42
46 59
49 24
49 84
35 23
78 45
96 19
95 78
61 47
47 83
36 5
71 52
12 69
20 83
13 72
32 91
37 59
37 69
49 12
52 66
24 86
66 37
79 19
49 85
2 76
40 69
47 4
43 11
37 89
53 82
79 30
42 71
81 30
22 91
91 88
70 14
7 71
40 9
93 21
94 14
62 25
47 88
9 93
49 74
96 6
89 20
54 21
85 19
8 16
29 95
30 14
5 88
37 31
56 50
96 32
72 52
73 51
51 18
19 2
49 93
79 17
4 59
76 63
33 4
16 93
62 74
94 19
71 67
10 75
75 50
40 62
62 44
58 46
77 1
38 88
76 69
87 10
88 26
41 64
5 76
42 81
76 79
1 78
92 26
64 41
94 34
71 43
38 13
73 16
48 87
45 92
61 49
48 66
54 92
90 25
37 43
84 52
66 4
86 53
46 81
7 2
58 51
42 26
54 20
50 30
26 92
1 27
41 61
56 47
70 78
35 22
14 89
47 85
83 85
38 43
7 14
39 22
2 41
51 71
6 23
66 22
69 51
53 96
78 39
75 91
90 7
55 83
96 63
12 74
47 29
6 10
13 71
78 36
54 26
39 23
55 90
49 66
76 9
84 39
75 34
52 19
92 37
9 87
4 5
27 6
3 77
85 20
12 1
46 26
66 81
26 5
45 14
56 80
84 90
72 33
3 26
25 89
38 35
79 24
84 81
6 31
8 69
63 53
53 81
50 71
39 82
56 81
68 93
61 75
11 75
38 61
6 82
57 51
72 60
23 10
69 28
94 74
91 69
80 5
49 70
49 6
83 61
80 4
90 93
46 17
74 47
89 24
74 33
8 75
70 54
59 4
46 71
37 94
1 52
80 80
36 42
7 76
6 38
59 95
52 13
70 94
13 68
41 72
66 47
94 3
50 65
1 84
79 33
11 1
77 72
8 3
47 92
70 28
48 7
42 24
24 7
90 59
13 29
86 38
11 72
36 32
63 54
35 65
48 35
28 3
44 15
48 61
10 6
69 54
86 73
83 86
53 8
8 29
69 10
93 92
43 41
71 65
37 47
67 93
57 16
51 25
83 47
11 26
44 95
19 6
43 26
14 71
74 81
84 94
16 3
74 73
35 1
51 69
12 12
67 43
88 71
46 9
42 32
2 13
53 95
78 3
59 14
6 73
68 22
85 35
89 18
25 13
64 77
88 55
30 91
62 40
3 19
5 65
27 90
36 44
67 46
56 94
39 31
38 76
41 93
82 54
1 55
94 84
88 17
48 4
68 75
74 48
45 80
76 19
33 7
67 42
28 8
40 10
40 81
51 7
92 19
88 33
46 2
38 21
72 57
48 81
64 49
19 8
79 87
80 41
69 96
2 42
72 70
87 92
17 8
51 88
7 34
57 45
63 20
1 60
75 20
65 38
88 34
46 72
70 68
4 61
38 50
79 85
50 23
54 88
24 91
60 91
73 33
46 8
52 82
91 95
54 90
10 93
5 60
65 41
39 71
35 91
93 86
39 29
8 10
4 73
8 95
41 63
16 96
48 1
38 18
75 30
12 6
4 37
55 84
1 2
47 28
41 62
67 17
35 93
82 61
96 90
43 78
26 86
72 85
2 32
52 75
70 88
27 86
88 32
94 31
77 94
79 22
50 93
8 6
3 76
14 5
89 28
51 89
1 51
96 38
95 93
53 6
88 31
89 25
74 57
60 47
58 82
90 18
52 64
52 69
5 64
5 58
43 5
81 29
3 41
85 71
58 45
54 18
75 93
8 28
51 86
60 79
85 51
26 85
86 60
39 32
65 18
58 89
41 6
68 73
78 28
40 88
37 13
75 76
95 69
4 42
7 59
96 22
57 11
74 22
94 48
66 73
36 82
38 24
88 86
83 43
63 39
45 28
56 17
46 30
54 74
72 76
83 53
42 25
86 54
67 20
71 77
95 76
66 38
30 92
71 42
43 84
35 47
23 11
6 57
64 11
68 29
34 86
14 10
91 64
41 73
19 4
9 14
39 74
35 20
12 16
32 90
67 25
10 4
7 19
80 64
4 4
84 25
34 10
40 96
67 27
13 27
96 81
2 94
43 37
81 36
51 92
12 25
4 66
79 57
21 6
86 2
55 20
81 87
92 79
55 6
71 23
71 37
73 27
45 83
72 14
93 2
47 32
73 40
31 83
78 19
64 59
95 29
86 88
30 94
72 65
33 86
76 60
39 15
80 55
74 50
35 57
36 45
27 84
94 44
23 93
11 3
52 81
48 65
60 11
37 53
42 72
1 61
38 94
37 85
93 91
89 47
47 8
7 82
82 35
16 10
37 58
35 41
59 13
7 64
91 9
69 74
51 6
9 8
46 7
46 27
9 67
52 68
77 61
32 8
4 60
60 24
52 1
70 91
40 56
33 91
95 5
59 53
11 73
90 66
84 41
50 84
72 20
28 93
76 57
68 69
84 37
48 13
7 55
43 96
87 24
50 10
61 78
69 40
13 82
14 87
69 81
95 87
34 14
6 37
37 3
39 95
37 88
5 67
16 87
50 15
57 44
96 33
63 12
83 66
31 91
60 76
92 57
68 5
36 4
17 12
80 42
9 63
46 25
12 71
67 48
88 2
62 73
44 83
86 39
30 15
39 24
3 61
68 59
61 41
84 69
70 72
37 11
3 91
60 43
13 3
73 4
50 87
52 84
40 14
43 86
75 12
12 34
92 11
49 26
56 4
54 49
83 95
68 95
61 96
4 85
3 66
4 89
64 20
20 6
26 9
37 96
87 7
6 18
17 3
3 18
39 16
83 28
3 71
81 63
80 38
86 94
36 21
7 67
39 19
12 92
36 51
7 12
53 26
1 49
37 75
58 3
17 14
81 55
48 27
82 19
64 80
75 63
76 51
29 91
50 17
92 47
81 94
62 20
75 74
57 5
88 54
15 2
84 56
92 6
59 18
32 88
31 87
70 41
94 66
4 40
3 1
82 42
94 40
96 64
45 86
41 1
35 67
82 51
67 69
67 76
84 42
11 20
40 23
11 10
67 45
77 95
52 74
3 63
14 28
70 37
68 19
91 83
73 12
39 81
95 96
85 93
93 88
77 83
84 86
54 73
60 18
53 73
93 71
70 71
48 85
65 55
86 47
6 93
60 95
35 66
31 14
2 44
34 13
79 71
81 13
68 91
63 19
81 38
61 87
82 44
89 19
9 30
58 26
77 3
36 80
8 63
84 11
11 81
80 95
59 51
58 92
96 89
66 75
94 93
78 87
40 53
57 46
67 24
36 85
36 79
31 6
7 38
58 25
22 84
83 56
23 94
74 51
12 75
37 24
39 62
9 62
94 5
57 3
89 69
35 36
60 9
94 13
4 86
44 32
92 95
32 3
36 62
34 83
12 21
5 70
41 82
6 77
2 95
41 54
77 65
76 66
40 67
73 70
40 7
2 23
79 61
54 24
40 8
93 55
72 89
12 23
2 81
3 36
7 61
59 76
46 77
59 85
48 25
96 27
63 47
56 27
36 72
91 92
21 93
21 83
70 58
65 19
73 31
74 10
66 80
95 15
8 78
4 1
85 96
69 35
47 63
40 75
46 14
84 93
40 5
82 4
83 11
59 93
80 17
35 87
82 91
44 65
96 77
90 64
77 25
92 17
86 51
37 36
38 67
41 12
7 36
48 17
46 35
4 95
42 64
64 90
9 81
76 29
96 68
40 29
73 46
22 2
14 69
56 48
74 11
83 75
90 45
73 90
91 35
94 42
49 16
1 71
35 43
13 23
70 56
76 20
3 72
56 90
69 30
80 96
50 25
69 53
88 51
29 10
82 52
72 69
48 18
41 34
94 91
56 12
41 85
6 68
43 63
81 93
2 52
18 96
96 66
56 88
36 38
94 73
84 36
73 32
57 17
63 88
73 64
70 86
7 10
1 24
80 91
89 7
37 65
40 22
1 31
66 72
14 88
61 24
72 92
35 71
68 46
32 6
35 46
66 53
82 96
41 28
45 59
88 64
27 7
86 56
76 4
89 17
78 89
52 24
5 66
64 40
82 57
39 34
79 41
80 90
65 73
69 18
45 89
15 8
42 90
42 36
48 70
79 36
82 60
8 84
51 11
57 50
71 22
73 14
2 20
8 8
42 35
35 78
33 12
42 87
83 71
57 22
19 1
72 9
71 25
79 94
44 89
9 79
75 13
3 64
78 54
47 73
71 7
85 61
82 15
31 84
40 66
16 82
57 49
76 27
89 93
38 39
40 54
80 75
69 94
5 5
41 27
40 37
4 34
15 95
81 88
35 32
5 91
5 10
72 63
60 1
26 13
73 13
85 2
36 24
47 5
9 26
40 82
77 56
85 8
88 15
84 50
35 25
93 85
46 85
96 50
93 36
43 14
10 30
45 27
2 83
42 39
15 92
14 90
6 41
54 68
85 80
38 93
69 48
96 47
55 48
80 77
84 75
3 51
70 26
73 68
86 21
23 13
87 88
33 92
90 3
30 11
46 3
49 4
63 10
64 24
53 27
46 87
54 87
69 42
68 24
52 17
46 12
67 11
84 38
86 75
88 78
23 96
37 50
68 89
50 79
68 35
40 42
43 7
59 83
96 56
2 30
2 89
54 89
96 15
60 23
4 41
56 26
52 87
59 47
94 47
69 23
69 62
43 2
65 1
91 68
75 62
37 71
22 89
96 52
60 8
31 85
59 46
42 62
90 41
4 90
1 63
44 12
6 29
4 81
60 53
38 64
58 81
63 85
42 57
9 69
92 77
67 81
63 83
7 85
79 31
85 38
79 28
58 1
64 72
80 93
49 35
90 35
8 88
83 67
90 84
34 15
38 71
68 47
51 26
66 7
40 65
26 91
85 62
81 56
35 51
73 93
85 70
47 34
48 34
18 85
43 74
92 82
48 84
73 63
96 93
84 27
7 86
7 91
21 86
3 96
21 95
4 36
73 95
17 10
35 74
45 81
9 75
64 43
89 37
41 81
65 7
70 19
57 13
71 86
3 78
65 52
79 27
55 50
41 8
29 5
73 44
36 60
84 28
37 67
96 60
90 74
71 82
93 1
5 14
42 8
46 64
55 17
1 21
6 63
55 77
80 24
36 61
35 83
26 93
11 61
45 73
28 7
93 90
6 14
53 4
44 82
79 77
41 18
77 76
27 87
37 80
65 72
85 75
33 93
63 71
32 4
85 17
49 14
36 54
35 76
34 87
84 12
47 71
12 13
73 72
68 63
71 89
38 38
90 28
65 76
84 77
39 27
27 4
15 82
90 4
76 31
89 1
6 92
70 40
18 14
38 29
79 34
84 45
8 24
63 76
11 67
95 86
5 62
87 5
45 16
49 62
46 61
76 74
93 37
16 11
10 24
37 46
5 7
42 21
30 88
50 95
48 91
24 13
54 9
5 33
48 10
78 95
15 5
88 48
67 94
7 81
75 45
46 6
73 23
60 83
73 38
38 75
78 82
38 42
64 54
37 55
81 90
73 49
76 76
96 37
76 10
85 9
75 60
77 93
8 4
12 83
1 34
60 48
70 33
69 77
72 79
29 9
24 14
72 32
25 96
78 69
34 94
88 56
9 20
23 95
44 86
1 82
16 9
2 38
79 21
1 4
75 19
94 23
63 51
92 29
96 88
8 21
91 37
71 69
76 61
73 80
57 74
8 83
71 71
38 84
75 86
77 54
41 92
44 70
12 68
81 9
11 78
84 73
37 27
24 83
42 1
59 44
54 6
3 84
82 74
89 5
40 16
53 79
44 30
89 16
48 72
86 14
66 44
92 39
58 85
87 68
51 83
92 73
37 37
77 23
66 41
92 80
79 49
83 57
90 8
8 39
84 64
73 92
1 59
68 68
9 39
94 15
59 6
19 88
55 96
64 9
59 5
79 13
40 33
78 81
69 88
2 64
47 77
50 78
74 37
67 26
12 67
44 6
41 10
69 59
71 51
61 5
71 36
21 14
38 11
51 63
26 8
68 54
55 24
84 70
90 62
12 8
8 89
33 3
6 54
39 61
67 21
55 49
83 70
39 57
20 1
8 9
73 56
71 80
45 31
79 26
39 25
9 18
84 5
61 19
25 94
92 71
72 21
13 70
55 88
85 14
6 71
50 27
8 92
80 61
5 79
45 26
40 91
41 33
59 84
41 32
69 43
12 73
44 69
46 90
78 11
3 74
73 54
57 82
81 39
23 14
81 3
61 81
59 79
70 27
76 65
62 72
80 56
60 82
65 3
5 23
80 88
44 9
88 63
34 7
40 59
68 51
82 11
68 23
23 6
59 22
48 94
15 6
37 9
88 21
95 88
37 2
89 22
77 48
90 14
84 24
96 78
1 25
21 92
36 76
82 83
62 16
91 81
51 65
54 15
6 34
4 12
68 72
49 83
86 48
71 8
57 8
9 4
3 15
71 38
68 26
68 70
26 88
54 84
27 91
74 61
82 38
3 29
70 55
78 67
85 73
75 1
88 37
37 4
82 58
37 61
36 71
35 96
70 53
3 79
1 26
86 40
74 71
13 10
3 56
51 29
43 1
8 23
37 70
30 89
81 68
78 52
93 54
74 19
13 12
70 5
57 94
6 15
4 63
36 73
43 76
8 33
42 28
44 16
42 76
31 9
93 59
82 82
71 81
90 23
1 29
47 17
66 61
69 17
7 6
20 4
75 58
6 64
74 31
14 7
45 82
10 91
76 45
19 14
6 25
59 10
21 1
69 9
68 53
5 38
69 1
3 93
59 3
2 3
54 69
83 94
56 46
4 77
66 1
