101
61 71
97 83
93 77
96  1
55 47
70 101
16 31
70 65
61 63
86 83
75  9
90 37
24 95
33 83
21 35
22 69
91 65
 5 77
21 57
 4 13
 8 59
66  9
74 99
92 35
87 57
45 101
13 39
12 25
 2 92
19 77
64 85
 8 55
20 51
12 59
36 37
30 59
68 61
51 45
73 93
22  5
86 99
32 87
 3 73
64 93
69  9
76 61
12 95
56 81
81 33
77 89
80 87
73 71
73 69
34 13
21 85
45 21
 3 69
 9 91
56 19
18 71
83 53
84 89
31 39
20 93
 8 101
25 37
26 17
 6  5
37 77
56 89
10 41
87 51
13 91
15 15
88  7
15 37
94  9
76 75
17 53
13 35
56  9
13 89
83 73
10 23
81  1
75 19
53 67
46 17
17 67
56 45
68 63
19 75
98 99
100 95
56 57
19 39
54 77
 4 59
84 61
57 81
 8 35
58  7
97 55
22 53
59 15
60 69
59  7
16 13
37 73
52 29
76 63
80 85
94 37
22 77
16 81
44 25
80 65
38 99
75 45
59 91
41 75
83 45
85 23
53 75
89 91
80 59
61 101
 4 37
28 63
47 19
39 89
73 25
65  3
96 25
45 45
14 99
64 75
14  7
52 45
 7 37
20 59
21 73
67 47
84 65
57 39
29 27
 9 87
43 91
67 81
53 69
46 41
 3 39
 9 45
98 43
 2 49
28 55
67 19
49 91
76 49
46  3
13 73
38 61
25 101
31 17
 2 48
62  7
54 17
45 71
56 35
59 93
 4 19
56  1
81 51
27 55
100 18
88  9
41 39
34 29
92 87
64  3
72 65
27 99
58 31
 2 72
92 51
40 55
100 62
49 31
 6 35
14 95
79 25
22 75
 7  7
29 23
19 21
26 21
25 91
46 49
42 93
61 99
64 73
81 45
42 41
18 11
73  5
53 33
56 95
46 39
37 93
96 75
69 57
17 79
 4 35
46 95
17 95
29 73
50 85
 5 51
49 11
20 45
51 97
26 57
50 65
46 73
49 65
 7 87
 7 73
56 43
79 63
91 23
44 33
90 21
70  3
89 41
22 33
53 45
56 91
97 85
57 95
20 89
66 59
 4 99
49 57
14 93
15 87
13 43
17 39
64 17
 3 41
29 91
19 87
72 85
42  1
80 61
29 53
80 89
37 21
100 14
38 83
87 87
15 75
14 15
53 95
42 51
83  5
16 29
83 71
15 57
38 97
 2 33
51 21
71 37
96 39
21 53
37 91
46  7
53  7
26 99
58  1
 3 53
92 45
91 73
51 51
10 51
57 59
44 11
88 11
14  9
64 97
74 91
77 81
35 25
27 83
75 59
61 95
10 65
58 87
48 83
55  3
15 31
 8 75
25 89
83 15
20 47
15 47
 5 29
62 69
42 81
30 69
72 37
13 79
68 49
54 53
56 65
59  1
21 77
11 79
74 31
78 85
72 45
 2 35
12 89
 4 41
33  9
11  1
83 87
91 37
76 29
33 21
36 47
68 75
36 13
51 11
87 21
100  5
31 65
47  3
60 79
60 33
93 95
93 41
10 55
69 41
 8 15
59 99
55 101
29  9
85  3
99 29
56 93
72 89
 7 35
29 29
31 37
65 21
 4 79
20  1
73 11
25 71
36 51
54 11
82 51
17 25
31 35
12 71
46 61
78 95
33 43
99 75
82 49
81 101
92 77
36 25
16  1
82 59
93  3
66 35
12 45
50  1
 7 45
83 81
11 59
93 19
53 101
37 99
51 61
42 55
12 17
62 87
61 55
31 61
91  9
40 11
100 26
54 79
94 23
86 13
16 49
81 71
35 71
79 13
59 37
35 87
65 55
26 29
63 25
50 43
22 91
86 87
39 77
73 79
56 71
 2 96
57 53
65 19
71 61
33 87
64 79
17 65
97 41
71 53
 6 95
90 41
55 49
86 59
31 87
54 75
72  7
59 59
57 37
78 49
 3 33
45 75
76 21
48  5
32 13
73 95
22 19
 2 79
78 31
29 45
70 79
75 27
38 67
88 97
 9 17
31 45
99 19
10 93
61 79
28  1
45 19
52 87
52 71
97 51
58 39
28 29
59 69
35 15
48 71
18 85
56 31
21 83
63 29
98 49
 4 43
57 69
20 67
76 41
99 85
38 87
 2 101
17 29
90  5
16 79
98  7
43 63
10 59
54 37
100 65
 3  1
55 57
67 39
22 17
43 101
60 63
85 59
11 25
45  9
36 81
35 83
82 89
100 15
56 47
23  3
 4 71
68 95
88 37
96 95
41 89
75 21
59  3
42 67
60 21
35 69
91 89
93 59
100 59
18 39
93 69
54 15
85 11
21 55
 9 89
27 81
97 31
22 95
24 21
70 53
16 21
84 83
53 99
15 71
58 91
 2 31
87 69
53 35
81 49
83 75
 7 23
38 43
96 89
85 55
44 53
42 73
99 49
77 95
15 49
19 35
98 27
87 99
19 61
55 85
70 75
25 43
56 73
79 71
92 39
97 75
28 69
27 93
68  5
58 13
36 87
66 33
80 73
72 53
39 49
67 79
58 15
32 31
 2 64
47 71
47 39
 4 45
52 95
41 87
94  3
25 63
 9 97
35 53
63 95
97  9
30 21
62 29
 6 47
16 71
73 89
65 87
38 37
55 81
22 57
29 61
69  1
 3 59
28 93
39 45
66 51
64  7
48  1
51  1
78 45
32 37
 2 28
62 49
41 23
26 69
 4 11
36 83
63 73
58 83
37 85
25 57
38 19
 4 87
73 17
47 15
94  7
89 99
67 95
90 59
15 65
99 51
34 55
61  1
100 67
88 83
15 17
69 89
52 41
31 47
35 47
70 97
86 29
82 99
66 49
58 51
29 65
100 25
49 29
12 87
27 29
53 23
34 25
15 43
71 79
91 97
69 83
45 49
 6 17
96  5
50 27
35 21
20 63
81 17
82 43
68 79
30 63
93 91
98 15
50 23
35  7
79  1
69 45
12 33
84 43
40 91
41 93
72 73
55 23
87 67
90 55
74 29
82 69
21 89
44 85
16 41
37 37
60 31
44 73
100 13
96  9
32 57
87 83
25 93
81 99
49 23
38 45
30 25
15 91
15 21
11 27
72 57
14 91
53 65
59 29
11 45
76  1
66 75
57 45
89 29
23 65
80 53
97  5
60 27
67 77
18 45
97 81
47 87
58 99
12 13
96 47
10 89
74 45
 4 49
 2 19
100 22
18 73
88 79
97 45
50  5
65 99
22  7
100 89
27  3
44 35
64 29
98 13
49 33
57 49
97 101
28 97
27 79
65 61
11 39
23 79
55  9
88 85
35 37
52 101
70  5
92 71
72 71
73 55
40 63
51 89
68 31
33 25
75 57
66 71
36  5
28 87
35 17
91 45
86 15
 8  1
64 49
65 45
14 83
84 57
18  5
66 53
82 17
97 87
60 11
24 19
78 15
62 25
15 33
14 27
40 49
30 17
47  7
100 63
68 83
45 65
91 35
33 71
89 31
32 21
 2  5
16 15
63 17
17 99
68 17
47  5
98 81
71 97
 2 83
100  9
94 59
93  1
93 73
11 51
 5 69
73 83
73 27
86 61
64 87
57 13
 7 77
83 31
65 51
67  1
80 31
40 89
10  1
53 21
85 27
45 31
52 75
36  9
67 71
48 29
28 99
73 77
82  9
25 21
38 51
79 101
62 21
21 47
54 21
15 95
95 85
62 31
49 93
45 99
90  7
50 45
51 69
57 85
52 11
59 39
92 57
35 99
26 77
83 39
16  7
68 39
62 67
87 17
46 13
72 27
71 19
44 45
42 33
71 39
66 13
86 53
64 61
43 41
24 33
96 21
33 91
12  7
51  9
67 57
 8 65
38 75
11 97
81 89
42 95
75 35
25 35
28 27
48  3
45 87
40 71
64 67
15 13
61 85
56 75
32 23
 9 21
85 45
72 95
 8 83
86 95
52 57
29 35
94 53
40 33
94 73
94 33
24 11
55 91
89 27
27 15
16 85
50 95
69 35
 2 41
38 57
85 91
 5  9
21 99
22 23
80 93
17 87
89  1
37 81
65 79
77 97
 5 21
45 13
53 73
53 49
84 77
70 23
12 101
93 11
70 41
71 13
 2 61
92 93
26 75
75 91
34 69
56 63
33 29
59 65
87  3
66 73
16 25
95 11
64  1
25 49
23 83
12 15
77 51
94 81
84 85
25 77
50 53
100 93
93 33
19 65
41 15
 5 33
56 25
13 55
84 19
77 35
13 71
95 73
29 21
27 17
65 59
99  9
97 19
52 21
23 11
23 71
30 89
17 21
87 59
18 81
51 73
61 59
53 77
97 43
92 79
67 43
95 17
99 39
45 67
31 69
40  3
48 75
31 83
86 21
21  3
18 15
27 57
53 87
43 19
13 59
34 89
44 99
36 43
68 43
26 83
30 85
36 85
56 99
91  7
76 69
60  9
65 73
85 85
 5 53
66 81
11 65
40 51
100 39
 5 17
21 75
89  5
78 57
81 95
10 21
31  1
61 67
18 97
19 19
22 83
12 11
 8 17
73 81
43 27
100 45
 8 33
53 43
11 63
 2 23
81 19
39 21
90  9
44 31
96 85
55  1
88 31
 9  9
68 77
82 95
71 71
28 19
24 37
 8 25
77 61
95 75
 8 51
 8 69
53 91
31 51
82 85
24 27
28 57
98 57
55 25
20 85
63 83
17  1
94 11
25  9
20 57
64 55
41 65
39 43
36 15
76 25
33 23
19  3
81 29
54 61
80 69
100 79
27 49
37 25
 7  9
17 13
16  9
67 49
86 43
87 53
 5 41
100 66
27  9
46 47
33 47
46 55
87 23
16 75
21  5
92 15
 5 55
44 59
67 61
97 13
 9 83
56 61
77 31
14 55
48 99
15 11
35 97
22 51
70 37
33 69
 4 23
11  7
66 89
73 23
71 55
54  1
30 51
99 69
94 89
13 31
57 27
15 29
87 89
76  5
91 55
18 29
 2 97
94 67
70 69
68 23
54 19
88 27
98 65
71  7
43 69
43 75
86 91
72 21
88 67
90 93
33 93
 2 40
99 89
 2 68
46 91
 5  5
27 53
16 39
49 87
80  7
37 69
 5  3
82 93
55 69
35 39
74 65
75 83
44 17
58 67
43 97
30  9
84 21
18 75
 8 13
93 63
 9 47
84  7
12 41
91 19
11 75
46 71
80 63
94 65
99 77
12 67
23 39
97 89
 5 59
60 83
95 31
63 87
85 37
91 15
45 81
50 75
24 49
44 51
18 69
 3 11
13 97
30 67
78 27
23 67
77 39
51 81
12 77
63 13
26 25
38 91
98 69
20 13
28 13
30 81
64 21
10 69
63 101
68 73
20 25
 2 51
80  9
95 51
65 33
21 11
43 29
78 63
89 93
47 61
70 83
25 27
89 95
15 19
27 69
 8  7
48 77
66 61
 9 73
91 41
73 51
14 73
45 33
55 75
46  1
93 45
19 49
59 21
92 41
55 39
74 87
19 63
93 17
79 33
 7 61
45 79
42 31
97 57
 9 59
67 89
37 57
48 45
48 55
67 67
54 35
74 79
92 47
85 21
39 13
 7 11
96 83
30 47
97 63
62 83
40 75
64  9
86 63
53 63
63  7
21 71
69 85
100 49
 9 11
 6 29
21 101
69 43
85 57
45 97
26 39
98 89
26 37
23 55
56 83
47 47
100 71
68 81
 7 57
50 73
70 35
21 27
29 71
86 79
99 93
54 101
31 31
58 77
79 69
40 27
39 75
26  7
42 25
59 49
 6 87
11 55
84 49
95 47
29 39
54 71
80  5
50 57
19 43
70 19
69 91
68 27
22 59
15  3
36 19
17 85
85 17
28 89
86 49
91  3
48 65
58  5
46 43
29 25
59 97
100 29
86 19
25 73
 6  3
14 41
82 21
41 57
54 99
18 47
75 43
55 63
46 27
12 53
50 101
42  3
48 57
 7 21
94 57
48 89
50  9
51  5
74 35
96 79
81 15
59 83
58 69
 6 43
91 95
95  9
62 27
69 49
85  9
83 17
70 33
36 11
51 57
23 37
64 37
74 93
63  9
17 17
79 95
94 97
93 75
71 43
 5 57
90 79
11 99
62 101
78 17
98 39
30 19
35 57
65 23
37 59
57  5
81 83
41 67
81  3
25 25
78 35
87  5
85 53
 9 39
34 61
53 85
41 13
16 23
 6 41
84 71
32 41
 8 87
43 53
 8 41
66 69
94 61
79  3
77  5
55 29
82 35
79 23
 4 81
38 25
91  1
19 83
40 31
13 67
64 59
76 23
10  7
 4 57
94 39
22 45
47 77
36 39
17 19
78 91
69 77
 6 33
45 95
96 87
60 75
89 17
51 41
48 61
15 35
72 101
85 35
69 93
 9 63
54 67
46 33
17 51
12  1
68 55
 2 29
69 29
82 53
24 61
29  7
 8 45
11 49
33 35
37 89
66 57
32 63
44 91
46 11
50 71
23 19
11  5
70 21
97  3
25 31
46 23
20 29
69 69
53 79
89 75
75 85
90 101
37 33
33 101
38  9
24 45
52 47
91 47
22 15
97 39
54 87
13 17
63 81
69 63
73 15
 4 75
95 25
57 83
14  1
 4 29
63 77
49 21
62 37
100 43
 4 17
62 55
 4  5
71 21
78 59
29 93
28 59
52 93
41 69
63 57
78 19
95 45
95 41
89 69
47  9
 6 59
76 67
40 17
15 45
24 29
94 49
66 55
68 97
91 75
52 59
82  1
35 61
 3 77
98 47
84 27
23 85
69 39
66 101
14 11
89 55
90 15
98 93
23 25
31 97
68 25
 3 47
17 83
39 101
15 63
87 25
42 75
48 79
56 77
35 41
74 85
31 59
11 101
11 57
55 15
60 19
 4 101
57 23
32 43
13  9
85 33
37 41
 8 47
98 25
39 53
68 15
47 97
37 55
82 81
 6 11
23  9
17 59
47 79
83 93
62 99
24 85
18 49
 3 25
 7 27
65 89
43 95
 9 43
53 55
 6 75
 2 25
29  3
94 27
48 13
82 55
79 61
50 47
91 27
26  5
 5 93
79 83
61 29
85 65
19 17
 7 75
61 53
49 51
89 43
30 45
33 13
60 99
15 41
16 57
16 35
79 51
49 71
100 17
 2 24
15 81
99 81
80 29
71  3
84 31
82 79
95 37
11 95
84 15
78 93
47 89
79 99
61 19
92 95
27 47
100 11
97 69
30 43
85 97
57  3
10 29
18 35
23 95
19 71
42 47
43 11
61 37
90 87
97 91
93 61
97 79
69 79
61 87
34  5
98 61
61 23
62 97
72 87
14 49
35  3
 4  9
 5 63
22 65
43 13
49 63
81 63
35 65
75 65
71 93
76 27
41 95
92 19
 3 43
90 13
33 33
90 35
29 41
87 95
19 31
34 17
43 79
18 77
69 71
20  9
16 69
80 39
17  7
32  1
54 55
69 95
 9 27
25 59
23 51
91 25
17 91
79 31
 2 45
37  3
63 39
79 93
16 11
65 15
30 39
36 67
76 97
44  9
28 35
81 13
69 23
58 101
55 99
92 17
42 61
100 41
54  3
85 101
90 51
80 23
 2 20
29 11
52 69
14 37
26 55
47 99
42 53
55 31
67 75
73  9
52 39
72 61
41 83
70 99
31 25
35 23
99 91
32 71
 9 51
11 83
62  1
27 77
84 17
26 73
61  9
97 11
59 25
98 17
31 53
57 93
94 31
20 53
14 97
47 11
50 39
 4 63
41  1
50 61
43 47
77 67
 6 69
29 15
38 23
87 71
21 79
38  1
41 97
 7 29
44 55
17  5
79 89
98 29
29 17
34 51
74  3
89 51
 9  1
 2 53
40 93
70 57
80 51
25 61
95 35
65 25
30  1
73 91
99 65
34 99
30 37
10 25
65 69
59 57
74 61
65 93
44 69
94 71
53 81
59 53
94 75
91 29
 6  9
80 49
23 97
90 75
16 99
99 79
70 55
63 27
20  5
89 81
49 47
33 31
76 83
80 33
48 25
34 41
28 33
78 53
92 29
67 25
22 47
23 41
53 51
28 31
22 29
34  9
86 65
51 35
74 73
 7  1
64 57
97 17
45 29
29 89
17 63
30  3
14 67
67 33
69 51
11 19
53 29
48 33
52 79
64 95
82 87
39  9
92 13
54 27
65 35
20 65
33 57
18 51
41 77
51 93
90 91
76 39
47 57
50 17
50 49
66 87
100 34
 6 67
68 87
67 85
 3 21
38 13
25 39
95 21
67 45
74 11
56 85
37 79
96 53
19 55
79 45
36 89
49 67
44 29
58  3
94 91
64 53
83 49
71 49
63 53
32 85
71 51
47 23
84  9
70 29
43 65
92 99
98  3
42  9
47 85
22 89
87 35
42 15
55 55
91 51
77 13
37 65
37  1
 6 25
67 37
21  9
57 79
31 19
70 11
46 45
60 93
38  7
89 39
41  9
90 19
96 59
59 85
28 25
39 25
74 53
49 85
67 65
19 27
61 35
58 27
89 83
10 79
94 69
87 81
27 19
36 73
33  7
40  9
77  7
14 81
18 27
19 13
79  9
 4 33
34 73
 6  1
14 13
44 67
49 41
67 63
76 33
78 75
20 101
 4 91
80 95
53 59
 7 99
84  5
 8 73
65 95
77  9
58 61
61 81
84 41
30 95
42 49
79 39
20 49
28 11
27 87
27 33
16 87
42 23
86 69
57 43
19 91
46 97
88 57
58 63
24  1
84 55
22 13
 3 51
15 97
48 21
100 10
51 33
44 89
92  9
58  9
27 41
98 63
70  9
11 33
88 33
35 11
81 21
73 29
58 29
62 43
58 21
10 57
10 91
98 77
34 35
73 57
39 79
100  6
35 59
88 39
 4 15
34  7
32 35
12 91
68 91
11 47
45 59
84 25
49  7
80 97
31 63
65  7
13  3
90 47
25 69
82 15
12 35
 4 55
28 81
62 85
10 81
17 71
51 79
24 55
60 87
79  7
88 49
79 47
17 97
31 99
81 11
75 93
60 65
72 55
33 73
100 42
43  9
89 79
28 61
84 69
90 57
 4  7
49 49
99 21
66  1
83 35
59 35
92 63
49 45
90 61
31  3
83 23
40 43
 9  5
37 31
59 23
46 57
77  1
 3 81
50 41
 2 37
 8 53
98 23
38 63
39 85
81 53
51 53
44 57
61 65
95 23
64 25
60 55
95 69
25  1
58 11
28  9
96 33
58 45
13 51
66 39
 9 79
74 33
91 49
99 53
98 87
 9 41
32 55
88 93
81 35
93 27
36 65
74 75
25  3
13 65
15 89
82 29
57 17
23 89
50 15
20 23
29 55
 6 81
 8 91
52 43
30 33
68 29
19 51
10 101
 9 53
24 43
86 17
40 85
74  5
48 81
60 49
28 53
99 61
50  7
22 27
 6 21
78 13
50  3
28 23
87 93
48 95
 7 25
85 41
50 13
78 47
65 11
82 97
100 99
32  3
29 57
14 79
 2 81
29 19
11 85
 4 73
90 49
 3 89
77 27
23 63
90 69
29 79
79 15
96 37
 6 93
46 31
38 73
99  3
81  7
25 51
99 59
93 15
82 67
80 77
38  5
34 27
82 13
68 13
99 63
84 13
33 95
65  1
35 51
45 69
100 58
77 57
87 91
84 93
19 47
33 85
 3 13
76 91
66 41
65 97
82 63
10  9
23 93
82 83
37 11
95 87
16 91
62 15
59 31
82 23
56 51
39 55
34 91
95 79
19 95
18 63
18 31
82 47
28 37
88  5
23 27
78 11
79 77
97 33
68 47
33  3
36 93
86 97
95 61
19 11
100 86
10 53
32 95
59 95
89 21
31 29
63 43
23 59
87 13
48  7
58 17
31 55
72 97
38 35
13 25
85 61
87 45
61 11
12 27
94 13
89  7
43 45
10 71
24 93
75 61
52 27
66 15
42 35
70 49
19 33
69 75
94 47
 7 55
12 49
68 89
36 79
 4 77
 2 89
 4  3
44  5
33 55
50 93
45  7
41 79
94 77
17 61
18 37
73 31
 2 12
85 63
21 17
33 89
71 91
92 49
59 17
34 47
29 43
65  9
40 67
90 95
95 89
 5 75
15 51
46 93
16 45
44 19
86 81
24 77
60  5
82 71
27 97
81 57
45 35
 2 56
86 101
10 85
67 27
39 87
 7 97
31 41
43  1
44 15
89  9
43 31
61 77
100 81
52 53
38 95
10 31
38 49
62 73
76 35
93 97
60 47
 9 81
59 33
78 25
43 49
62 61
93 83
88 53
57 57
32 75
14 29
89 77
83 85
24 99
17 41
72 29
94 25
 7 53
95 63
87 85
73 97
25 15
100  7
50 67
46 99
86 77
39  7
72 77
62 41
91 33
64 81
57 89
63 91
96  7
20 15
20 79
99 67
51 65
96 81
49 15
86 73
52 83
12 83
95 13
81 55
 2 21
20 87
97 97
27 27
67 41
 3 31
21  7
 4 97
18 91
77 87
54 97
99 97
13 23
28 39
25 75
66 43
87  1
20 17
30 53
42 21
89 89
13 77
53 39
33 59
43  3
84  3
60 61
95 49
49 83
95 77
98 75
 5 43
87 11
81 93
62  3
14 45
53 53
80 25
13 75
69 13
65 49
81 23
75 87
85 99
56 29
23 29
 5 39
55 53
87 61
19 23
80  1
19 69
 6 97
93 31
60 57
29 97
 4 83
61 57
20 83
78  5
17  9
100 55
75  1
 9 99
10 75
72 33
93 49
19 99
91 77
69 81
71 25
15 69
80 83
47 25
51 75
62 59
34 63
53 27
 5 73
92 69
55 67
98  1
16 67
30 93
51 83
78 73
66 83
17 73
39 95
65 77
23 43
50 69
64 65
 5 19
15 61
13 29
27 89
52 81
29 99
10  5
 5 45
74 55
47 69
70 95
42 11
70 91
33 17
33 67
67 55
 5 79
64 45
79 11
98 51
39 91
35 49
 9 93
29 67
35  1
96 35
 3 55
81 43
66 85
73 37
19  7
23 21
62 47
15 23
48 93
98 91
24 83
29 47
16  3
48 85
67 23
48 101
66 65
70 13
86 67
40 83
11 31
65 67
14 39
58 41
30 35
 4 85
 6 101
29 69
49 101
29 101
60 91
22 101
17 27
62 93
18 23
73 75
39 93
25 53
63  3
 4 65
67 87
 6 15
41 71
73 49
84 33
41 19
43 51
12 63
99 101
95 27
70 47
14 71
36 29
51 101
18 99
60 95
30 49
64 11
22 73
49 35
43 81
 4 27
23 45
78 33
11 11
 2  9
 2 65
85 13
25 95
39 67
69  7
54 41
69 53
13 61
 5 91
15 39
22 35
50 97
84 81
79 97
71 89
35 101
88 61
13 99
56 27
44 21
16 53
41 85
64 47
25 87
45 89
 6 31
66  7
89 37
91 17
68 51
87 37
27 45
 8 21
77 45
88 75
13 49
22  3
57 41
67 21
11 67
83 91
 5 97
91 93
19 57
45  5
28 77
51 37
30 31
55 95
71  5
77 23
26  9
76  3
64 39
55 93
40 41
84 67
91 59
70  7
68 53
46 63
73 19
42 91
64 77
60 17
53 15
54 23
25 19
37  9
10 49
12 81
 6 89
70 67
64 31
98 41
51 25
30 77
33 41
22 61
 8 79
94 85
20 39
24 97
38 85
45 15
21  1
58 49
42 59
83  7
39 73
10 45
56 15
28 95
 2 44
68 21
80 67
100 33
23 35
81 69
54 45
14 21
94 87
27 13
37 27
25 67
76 101
100 21
96 17
47 29
65 53
83 65
39 69
96 11
35 31
23 49
85 67
88 65
69 55
93 81
90 25
96  3
69 11
70 25
69 31
79 17
 3 79
44 47
78  7
95 95
16 27
32 29
48 19
 4 67
74 57
10 15
89 67
 6 55
35 35
19  5
13 33
61 83
85 69
89 19
22 11
52  5
19 93
85 29
41 61
75  5
81 47
88 71
54 81
59  9
 9 55
57 97
78 55
49 43
93 39
22 37
65 43
86 89
98 101
85 75
42 37
63 49
79 35
 7 15
11 53
62 89
71 67
14 17
83 89
66 63
19 101
47 91
83 67
97 95
23 33
60 89
51 39
 7 17
11 87
67 13
72 23
70 77
61 45
61 75
 4 61
64 83
20 73
97 59
93 37
44 101
90 97
52 65
98 59
11 37
41 47
63 67
47 93
48 67
42 79
10 39
82 31
38 15
12 85
43 23
14  5
96 91
37 29
63 97
 7 33
60 101
 9 35
61 25
90 31
82 73
76 43
66 17
20 75
77 47
83 13
18  7
51 91
45 39
 8  3
 5 49
68 37
30 57
27 75
39 11
83 25
18 83
26 51
43 59
44 77
29 63
92 37
22 67
74 47
28 65
78 51
79 57
39 37
92 59
11 21
58 33
91 87
44 13
99 23
73 21
10 17
 6 13
53 25
45 53
14 47
83 69
10 83
95 81
12 99
33  1
12 37
77 37
33 81
100 37
75 37
96 49
32  5
85 79
50 79
96 67
59 13
80 99
97 49
 2 11
51 77
33 97
39 71
21 91
26 63
39  1
21 69
31 81
97 53
88 25
37 71
39 29
10 99
 7 63
77 85
69 67
31 79
15 93
59 45
100  2
71 99
 7 93
17 101
37 83
20 21
60 73
37 13
49 19
18  1
83  3
92 11
48 39
26 87
 4 53
44 41
12 75
72  3
74 83
37 15
20 37
 5 89
 9 13
60 35
90 33
61 47
94 99
27 95
78 41
36 53
22 21
26  1
82 91
43 21
79 43
17 45
15 67
23 13
51 99
98 21
65 37
47 65
70 31
 2 32
97 61
33 11
59 43
 9 61
14 87
 5 99
64 89
89 11
61  5
11 71
99 71
33 99
66 11
57 99
73 41
52 67
93 93
42 83
53 61
11 29
35 79
41 55
43 85
64 63
76 17
63 45
26 19
46 59
77 79
45 47
72 69
78 83
19 37
42  7
54 43
 6 37
 6 53
10 13
26 95
86 45
64 43
56 23
74 67
66 93
35 63
25  7
52 97
77 21
 3 67
91 71
34 57
75 15
41 35
72 19
100  3
33  5
69 73
43 77
32 51
55 51
 7 65
63 11
 3 91
11 23
36 77
42 101
75 39
 6 85
34 67
49 95
34 65
 4 39
24 87
47 41
36 33
62 33
11 77
20 33
76 59
10 73
68  9
91 81
63 19
25 47
16 47
49 37
26  3
21 21
86 41
38 41
14 65
57 33
68 11
46 51
18 33
17 43
27 73
22 93
66 27
72 67
23  5
62  9
96 77
24 63
18 57
70 39
85 81
16 93
58 19
77 73
78 29
40 61
38 101
99 37
78 87
78  3
54 83
93  9
24 23
82 11
80 75
42 17
44  7
50 91
54 25
100 31
44 37
94 63
44 27
48 91
17 57
77 83
99  5
59 67
49  5
 3 23
54  5
 6 65
24 79
80 47
60 43
14 69
47 31
12 97
29 33
28 79
22 87
42 29
64 51
97 35
61 61
28 41
60 81
 2 73
97 77
46 75
60 29
 4 69
99 99
71 81
49  3
73  3
91 83
93 29
99 15
100 83
51 49
35 93
58 75
28 17
55 41
45 55
98 85
39 83
45 27
32 77
68 71
63 85
32 45
83 37
68  7
42 19
38 77
77  3
64 13
87  9
69 15
73 87
17 37
 2 75
90 39
47 49
77 25
78 67
36 91
92 65
83 33
99 83
88 15
71 15
77 29
 2 71
95 29
 8 71
64 27
25  5
100 53
14 63
56 53
50 29
38 31
33 63
41 49
26 35
26 65
40 69
71 77
61 15
100 19
46 77
 5 25
88 17
49 99
97 67
28 85
65 13
74 81
66  5
43 35
62 13
47 81
15 85
28 45
72 13
44 61
32 17
32 73
23  1
76 57
53 41
46 25
97 93
31 23
64 23
89 35
62 39
15  5
31 15
48 49
 8 39
80  3
87 77
57  1
71  9
69  5
56  7
 8 31
 6 27
80 45
77 93
95  7
64 69
93 57
54 39
100 50
79 79
83 97
56 55
51 17
81 77
11 93
100 35
89 85
87 15
76 89
88 13
36 45
68 45
60 41
75 41
56 67
22 81
76 31
12 55
65 47
25 17
82 45
46 85
82 77
83 59
84 53
100 46
74 17
13 83
16 95
93  7
92 101
51 85
10 67
20 27
72  9
37 19
75 23
84 73
31 67
 6 83
 9 15
50 59
18 43
86 27
61 73
93 71
46 29
75 67
29 83
41 91
83 95
86 37
18 19
12 79
98 55
80 21
14  3
11 43
26 11
77 41
58 59
15 27
48 23
 8 95
 5  7
18 79
26 49
81 91
 7 89
86 75
63 31
38 55
67 99
77 63
87 73
73  7
30 91
69 33
63 69
98 31
48 37
85 31
83  1
100 51
 6 19
91 31
84 63
64 19
29 85
36 49
44 93
52 99
59 81
90 73
75 77
 9 69
73 59
57 71
10 63
 2 100
72 79
72 43
62 51
68 99
24 13
79 27
68 41
90 63
16 101
27  1
 8 61
17 81
29  5
75 73
81 59
59 61
59 79
39 39
88 59
87 29
45 25
80 101
42 27
41  3
 9 29
31 11
64  5
37 95
96 45
74 77
25 79
16  5
59 77
91 69
84 87
76 77
21 39
75 17
51 55
92 89
86 11
52 31
27 63
67 69
88 87
42 43
75  7
49 53
57 67
90 67
94 45
52 89
88 43
88 99
95  5
 9 23
37 45
76 53
21 33
89  3
99 45
35 73
57 11
 7 95
29 95
79 37
12 73
67 53
79 85
29 37
16 65
36 35
62 77
63 63
68 33
61 93
55 37
36 99
 2  3
12 47
 4 93
24 71
57 91
32 83
 3 71
66 95
79  5
97 27
50 55
52  1
18 95
83 77
88 35
34 15
 2 69
83  9
77 55
86 39
57 101
13  7
56 69
90  3
51 27
25 23
30 23
94 29
27 85
 2 63
 6 77
43 17
44 63
75 55
84 35
44 79
100 38
56 41
35 85
95 91
81 85
70 93
30 65
55 71
74 37
85 47
13 85
72 39
49 55
34  1
71 65
81 67
92 21
100 74
12 57
14 59
24 91
87 19
93 53
67 15
63 93
86 35
71 17
69 61
37 87
79 19
67  3
37 47
46  5
63 41
90 27
97 71
 3 61
73 33
81 75
70 45
49  1
33 49
79 41
17 75
69 27
30  5
45  3
16 51
91  5
 9 49
13 15
72  5
22 43
54 13
66  3
58 37
86 31
17 77
18 61
92 61
41 17
71 45
42 69
 7 91
32 91
80 91
74 71
 7  5
62 65
48 87
39 81
100 70
22 85
85 93
74 21
96 57
26 93
74 43
 9 85
17 23
39 33
25 97
60 45
75  3
30 79
28 71
70 15
47 37
56 21
 5 47
21 87
58 25
57 35
52 23
62 63
78 65
36 57
95 19
26 31
59 73
78  1
82 75
38 69
24 51
83 55
18 25
72 99
39 27
88 21
32 33
38 65
31 77
 7 101
76  7
17 89
100 23
 8 49
90  1
96 19
21 63
11 15
 8 81
26 43
74 95
79 81
40 35
69 25
19 59
32 65
93 55
50 19
41 73
83 61
24 25
84 79
56 33
70 73
27 25
46 19
54  7
56  3
79 65
22 41
 3 15
16 63
32 11
15 83
60 67
 7 71
83 47
99 55
50 33
96 29
92  3
37 35
100 27
 8 43
50 31
 8 77
43 93
28 91
42  5
41 25
 8 99
95 65
48 43
67 83
13 69
38 79
45 11
31 57
95 53
 2 87
37 23
55 59
47 67
50 25
97 29
 7  3
70 81
44 71
35 91
28 83
41 29
50 37
79 53
98 71
69 101
54 29
 3 87
62 71
20 95
71 85
84 91
13 63
99 73
31 93
49 89
71 69
 2 91
60 23
47 95
 7 19
25 11
11 89
38 93
78 43
54  9
55  7
43 25
85 49
78 101
89 97
34 11
48 53
84 75
87 55
26 101
59 63
87  7
54 85
57 75
48 31
95 59
28 21
 6 79
100 90
50 63
 6 57
47 43
93 65
 2 60
35 43
21 97
99 11
34 23
59 101
76 73
62 75
50 35
23 15
 4 51
89 25
89 101
 8 37
85 73
95 67
28 15
100 87
33 61
63 61
48 51
 2 55
82 65
 5 61
34 21
 5 65
89 13
32 93
29 87
95 15
38 27
74 27
41 33
40 99
58 23
24 65
53 17
31 73
19 97
78 77
92 83
56 37
51 71
27 39
85 15
74 15
35 27
74 59
85 87
34 39
 7 41
46 81
 2  8
 5 67
100 98
18 87
 5  1
61 13
13  5
12 93
19 81
 6 73
71  1
35 33
47 83
86  5
58 43
12 51
33 45
60 13
40  7
100 94
94  1
78 89
47 21
76 87
98  9
75 31
69 21
28 101
59  5
36  3
96 73
36 95
53 83
 5 95
 3 37
11 73
30 73
83 63
98 11
23 69
63 37
65 83
66 29
40 87
80 57
61 43
 2 47
19 85
19 15
62 95
33 75
94 41
29  1
 9  3
 9 101
63 79
90 89
63 55
42 13
93 21
 9 19
46  9
 8 89
17 35
72 47
84 101
45 63
65 63
31 49
77 11
68 67
98 33
72 63
89 63
70 61
17  3
24 41
61 91
32 97
24 101
20 97
53  9
33 39
34 93
 8 97
82 39
71 11
79 49
100 69
71 33
 7 39
89 33
84 51
47 35
10 11
20 19
24 17
28 67
16 97
50 99
58 35
 3 101
56  5
70 85
44 65
33 19
55 13
81 79
76 37
66 77
82 61
95 83
65 27
92 25
76 95
25 29
52 55
97 23
22 49
96 27
96 63
 3 83
73 47
77 33
11 61
39 63
 4 47
49 77
96 13
33 77
 9 25
46 83
45 91
87 79
91 99
66 31
100 77
49 75
40 97
72 41
25 85
58 89
67 29
 7 67
30 71
39 47
46 37
60 37
88 23
70 27
 7 59
23 47
85 95
74  9
48 59
75 13
15 101
86  7
100 97
20 55
68  3
82  5
65 91
 9 57
72 17
82 101
67 93
34 37
47 13
47 17
25 65
93 13
24 89
30 13
 3  9
30 97
76 13
27 23
66 79
75 29
32 79
51 31
26 81
74 101
88 95
 2 57
99 33
34 85
52  9
72 83
81 73
73 85
75 99
65 39
66 91
99 41
75 49
68 57
36  1
36 75
 6 49
70 43
55 27
63 33
90 45
76 71
60 51
97 73
21 95
15  7
29 59
81  9
30 83
34 33
66 97
 3 85
80 71
36 59
86 93
84 39
57 65
13  1
 6 23
16 77
82 33
88 77
78 37
24 35
74 41
63 35
61 31
18 17
21 15
60 39
 5 27
12 31
88 41
74 69
25 99
37  7
96 41
52 51
48 97
57 19
40 59
96 31
68 65
65 31
58 79
80 35
13 37
66 23
98  5
70 87
96 43
17 49
 6 45
55 21
60 59
60  1
40 53
23 23
10 47
29 31
68 19
71 41
76 19
47 45
28 51
51 67
 5 23
65 71
71 57
45 57
71 59
36 41
 2 93
34 79
60 85
45 83
27 31
67  9
100 30
80 11
40 57
66 37
86 23
22 97
80 55
43 37
 8 23
90 85
95 97
31 71
62 91
70 89
89 47
45 51
16 83
33 65
49 13
45  1
53  5
36 21
29 49
26 53
11 41
90 53
15 53
97 37
81 31
47 53
49 97
78 61
28 47
57 29
 5 13
38 11
90 43
48  9
21 67
39 23
100  1
92 91
20 71
45 37
94 15
53  1
42 63
36 31
 9  7
20 11
19 53
22 55
43 57
27 65
 9 37
21 43
63  5
 3 95
57 63
64 91
13 41
78 71
90 81
82 25
45 93
96 97
57 25
35 89
32 81
88 91
91 43
93  5
 4 21
36  7
 8 67
40 79
99  1
85 51
 9 71
91 63
 3 45
71 73
41 27
91 79
38 21
13 47
68  1
98 95
75 89
55 97
20 43
40 101
26 27
48 69
61 89
72 93
28  3
61 17
24  3
51 87
32 59
10 95
94 79
14 31
49  9
51 95
51 13
66 45
39 31
95 55
93 43
71 83
46 65
19 29
94 43
40  1
63 21
52 15
56 101
12 69
37 17
42 85
91 67
57  9
12  5
 9 33
 8  5
96 23
96 61
52  7
45 17
56 13
56 39
38 39
74  7
100 47
65 101
75 97
16 55
10 33
 7 79
82  7
85  5
 5 71
41 45
40 77
39 35
65  5
71 63
33 53
12 19
93 23
42 77
 2 88
37 97
27 91
18 67
20  3
69 99
71 75
76 47
48 63
91 11
86 33
88 81
100 101
89 23
11  3
 2 39
66 19
 7 13
86 71
29 13
 6 63
41 51
39  3
54 57
92  1
94 93
39 97
89 71
 2  7
27 11
82  3
48 41
80 79
43 73
82 19
54 49
25 83
52  3
 9 77
39 15
94 95
16 59
31 75
47 73
12 23
 2 36
 6 99
67 73
42 57
15  1
91 61
22  1
82 41
40 45
63 99
16 61
86 47
18 21
12 65
48 15
41 101
23 73
91 57
72 51
80 43
57 87
42 89
44 75
80 37
34 81
30 41
41 11
72 31
62 57
97  1
20  7
92 55
61 33
67 101
98 37
73 73
90 71
76 11
89 73
49 25
99 57
 2 52
 2  4
36 97
39 41
86 25
53 47
92 31
11 81
36 27
 7 85
67  7
86 57
98 79
98 83
45 43
84 59
26 47
100 54
 6 71
18 55
73  1
60 71
26 45
11 35
54 47
86 51
89 49
49 69
20 41
95 57
34 97
71 31
53 13
99 31
21 51
76 81
32 61
87 101
75 71
72 11
14 77
90 65
31 13
13 87
26 15
99 13
34 77
61 69
14 85
69 87
19  9
78 97
52 19
88 101
 6 61
55 83
 4 89
66 67
87 33
65 85
94 83
88 73
 3 49
31 21
 4 25
45 85
27 51
37 67
54 51
48 11
20 61
47 75
38 29
59 55
39 99
38 89
85  1
76 85
19 89
55 65
13 19
18 65
 2 15
24 57
30 87
96 65
32 25
59 47
30 61
53 71
73 99
26 59
13 27
89 45
22 63
56 97
37 53
18  9
 7 47
32 49
 4 95
25 33
61 39
99 25
77 69
24  7
32  7
67 59
73 43
62 35
66 25
55 43
60 15
89 87
81  5
92 67
28 75
24 81
 3 99
58 57
14 89
94 35
21 49
60 97
77 65
18 41
84 45
33 27
40  5
82 57
33 37
32 101
75 81
 2 84
85 19
54 95
39 61
 3 29
26 85
93 85
53 31
 4  1
49 61
24 59
74 25
54 65
50 87
64 33
75 47
72 35
10 87
 5 37
34 83
88 47
97 99
41 99
43 55
42 39
92 81
15 25
43 61
14 61
85 77
31  7
71 27
100 57
59 71
18 59
 5 87
21 61
 7 83
43 33
59 19
35 19
74 51
43 87
71 101
98 19
63 89
42 65
32 67
63 51
79 75
16 43
17 69
50 11
63  1
41 81
67 91
 5 11
42 45
75 51
99 27
65 75
55 89
83 27
88  3
51 43
61  7
100 61
62 11
77 49
77 75
35 45
26 33
 2 85
83 51
81 61
23 87
76 79
34 71
78 99
58 53
31  5
72 81
45 77
17 47
38  3
95  1
50 77
47 59
18  3
57 61
53 19
44 23
26 41
57  7
28 43
31 89
 5 85
20 77
59 41
81 27
37 39
62  5
14 25
13 45
93 51
87 39
36 23
51  7
14 53
87 49
91 21
39 17
57 77
75 11
22 71
77 17
39 65
52 49
24 73
68 69
10 77
 2 76
38 17
71 47
72 49
44 97
75 69
84 23
50 89
11 91
37 101
70 71
58 85
54 91
54 89
21 29
12 61
31 85
90 83
67 51
49 73
85 89
13 101
26 97
 9 95
85  7
48 47
 7 43
99 43
 2 17
78  9
25 81
45 41
55  5
70  1
 2 16
32 19
74 19
13 93
 2 67
21 81
92 23
37 43
59 27
69 97
43 89
56 79
31 27
58 93
33 15
40 39
21 45
70 51
90 23
20 81
84  1
61 97
13 53
83 11
95 33
37 51
27 67
28 49
 7 31
40 25
53 57
74  1
91 13
 2 43
31 101
21 31
62 81
32 15
57 47
37 49
91 91
40 23
71 35
55 73
22 79
 2 77
96 15
57 73
 3  3
88 51
35 55
38 53
 2 27
59 51
22 99
81 39
42 99
47 55
32 89
29 81
91 85
16 37
52 13
55 33
44 39
21 59
77 53
83 21
88 29
93 79
87 47
14 23
10 37
21 37
55 77
95 99
51 63
53 89
92 33
30 101
21 13
76 65
81 41
87 97
 8 85
85 39
13 81
51 47
56 17
69 59
18 53
 6 39
59 89
22 25
59 11
54 69
55 17
94 55
77 71
88 55
86  3
44 87
37 63
14 51
94 101
10 43
44 83
30 27
58 95
40 21
34 43
43 15
49 27
10  3
 6  7
43 43
75 33
53 11
77 99
73 65
46 35
 8 57
 7 81
77 77
45 73
10 35
55 79
23  7
54 73
23 17
44 43
37 61
92 53
 2 99
92 75
72 91
 3 17
17 55
89 61
81 81
78 79
34  3
76  9
35 95
96 101
 7 49
73 35
85 25
20 35
99 17
14 19
30 99
51 29
32 69
96 69
49 79
75 79
52 37
64 41
32 27
41 53
93 101
90 99
 8 63
81 65
55 45
47 63
34 87
80 15
83 41
52 33
27  5
15 73
66 21
78 23
99  7
27 101
40 81
19 41
66 99
54 93
24 47
56 49
49 17
10 61
11  9
76 93
96 99
 5 101
73 53
41 43
24 53
24  9
31 43
28  5
 9 65
12 39
 8 93
64 15
28  7
19 79
68 85
 7 69
53  3
97 15
49 39
52 25
87 63
27 59
49 59
57 51
100 91
19  1
14 101
 3 65
15 79
94 51
87 41
42 87
100 85
74 13
47 51
15 77
75 75
57 31
 3  7
88 63
93 67
78 69
86 85
85 43
92  5
12  9
73 39
78 21
80 81
40 47
14 57
73 101
34 101
52 91
73 61
 8 27
41 59
97 21
83 79
54 59
35 67
31 33
51 59
34 31
23 99
61 21
 2 13
39  5
41 37
13 11
67 31
 9 31
62 79
38 47
58 81
22  9
31 91
 8 19
16 19
26 71
52 35
30 75
64 35
32 53
56 59
36 101
17 15
 3 27
 3  5
 3 97
65 65
30 29
94  5
99 95
98 53
68 59
15 55
23 101
15 99
65 57
13 13
92 27
46 89
 5 83
 9 75
50 51
57 55
37  5
77 91
65 81
35 75
48 27
 3 57
69 19
46 69
23 81
 2  1
77 59
67 17
 3 93
40 37
17 33
98 35
14 33
67 97
84 95
47 27
40 19
97  7
93 89
16 89
92 73
92  7
71 23
23 75
14 43
73 45
20 31
81 97
78 39
20 91
56 87
16 33
69 17
72  1
63 65
52 77
100 73
36 69
77 19
 2 59
 5 81
46 53
21 41
52 85
26 13
27 37
19 67
24 69
71 87
12  3
49 81
11 69
18 89
79 87
38 33
89 15
87 27
34 45
80 17
71 29
57 21
23 53
31  9
61  3
35  5
11 17
51  3
44 95
69 37
13 57
 3 75
15  9
26 23
98 73
23 91
79 21
55 19
 3 35
 3 19
22 39
89 59
83 19
94 19
55 87
54 31
26 67
94 21
59 87
93 99
39 57
62 53
77 43
54 33
67 35
41  7
39 19
77 101
27 61
61 41
78 81
20 69
58 73
24 75
41 63
60  7
34 59
50 81
32  9
83 57
48 35
36 17
41 41
52 61
65 17
53 93
18 13
90 77
21 65
32 99
58 65
86 55
20 99
70 17
92 85
88 19
91 101
55 11
60 53
40 15
96 93
 7 51
23 61
74 49
53 97
 3 63
28 73
100 78
30 55
83 83
70 59
64 99
82 27
81 37
 2 80
96 71
24 39
74 39
94 17
34 95
29 51
88 89
75 63
87 75
27  7
46 21
 6 91
72 59
27 43
69 65
74 97
 9 67
75 53
64 71
58 97
77 15
12 21
60 25
63 23
88 69
22 31
92 97
24  5
69 47
67 11
95  3
48 17
76 55
26 61
16 17
72 25
40 13
88 45
88  1
52 73
54 63
75 25
98 97
65 29
27 35
83 99
36 71
89 65
15 59
47  1
81 87
46 79
90 29
69  3
23 57
41 31
29 77
10 27
43  7
71 95
40 73
52 63
25 13
99 87
65 41
83 29
14 75
18 101
44 49
76 15
48 73
 6 51
93 47
93 25
60 77
41 21
84 11
40 29
58 47
79 29
79 91
73 63
83 43
35 13
72 15
 5 15
56 11
29 75
37 75
 8  9
97 25
46 15
72 75
75 101
62 45
83 101
18 93
62 17
59 75
74 89
68 35
97 65
32 47
47 101
64 101
68 93
74 63
95 43
75 95
76 51
21 19
74 23
30  7
86  9
36 61
 5 35
34 53
58 71
95 71
44 81
68 101
58 55
95 39
40 65
13 21
43  5
85 83
57 15
19 73
95 93
84 97
43 71
79 59
46 101
80 19
24 67
98 45
61 27
46 87
45 23
39 51
30 11
34 49
32 39
66 47
80 41
27 71
89 57
46 67
81 25
16 73
25 55
43 83
25 41
62 19
 2 95
34 75
51 15
91 39
33 79
13 95
52 17
84 99
84 47
24 31
80 13
97 47
91 53
62 23
63 75
99 35
90 11
50 21
31 95
26 89
27 21
19 25
63 71
35 81
61 49
95 101
23 77
61 51
45 61
93 87
39 59
36 55
96 51
21 93
87 43
19 45
47 33
30 15
63 15
17 11
35 77
23 31
51 19
17 31
12 43
76 45
26 79
86  1
42 71
25 45
41  5
34 19
84 29
24 15
40 95
17 93
38 81
99 47
43 39
87 65
93 35
11 13
51 23
12 29
55 35
73 67
10 97
67  5
89 53
70 63
35  9
82 37
100 82
 8 29
 5 31
33 51
53 37
79 67
10 19
87 31
36 63
80 27
85 71
43 67
96 55
90 17
44  1
79 73
55 61
44  3
76 99
35 29
73 13
84 37
79 55
21 23
92 43
98 67
26 91
14 35
43 99
50 83
38 59
100 75
63 47
63 59
42 97
60  3
 8 11
 4 31
21 25
38 71
101 101
 1  1
