13
 5  5
 9  9
12  2
12 11
 5  7
11  9
12 13
 5  1
 6 11
 6  7
 7  7
11  7
 3  5
10 11
 6  9
10  3
11  5
 6  5
10  1
 2 12
 5 13
 7  9
 9 11
12  6
 9  1
 4  7
 6 13
10  5
 3  7
10  9
12 10
 9 13
 2  4
 7  1
 2  7
 3 11
 6  3
 7  5
 8 11
12  1
 3  9
 8  5
 3  1
 2 11
 4  9
 9  3
 8  9
 8  3
 2  5
10  7
 4 11
 2  3
 5  9
 2  9
12  7
 2 13
 9  7
 5 11
11 11
 2  1
 8  7
 6  1
 7 13
 5  3
12  9
12  5
10 13
 8  1
 8 13
 7  3
11  3
 3 13
 9  5
 4  1
 4  3
 4 13
11 13
 3  3
 7 11
12  3
 4  5
 2  8
11  1
13 13
 1  1
